102947
110806
91431
81879
67393
62168
60441
16428
15808
11954
13884
27932
11502
14525
16256
19371
16787
81697
43771
20856
28584
26446
31555
38558
31889
27326
35892
36682
26041
24610
22948
33864
23650
19450
19252
21656
23504
21878
19790
19756
19966
17424
18043
19231
23406
20802
18828
17473
17296
15695
21211
24783
19138
16855
18518
22318
23231
30468
20890
25639
16867
24860
24198
19485
26322
32254
34813
31142
31395
17364
60049
32963
26940
24655
24535
33506
17414
26378
27040
18836
24889
17495
18328
29408
16212
32929
17869
20054
28465
18530
16814
17908
28622
18819
17159
16132
28590
23863
19204
27616
26207
22247
20059
22015
18295
20364
25161
27177
34925
49961
26528
33052
20489
26622
20528
17968
17141
21304
18635
17388
33944
19709
17489
17029
17252
24521
20956
25266
19199
20152
18814
18231
18593
28387
17272
18301
17587
18732
14726
16530
15119
16101
16847
15989
21517
18701
17008
26500
17988
13965
15503
17704
15184
12282
19345
16400
14188
14503
18214
11766
14624
18323
18466
18864
14028
14164
14160
18693
18803
17597
14638
28738
14976
17557
16641
12964
19910
17246
10996
13249
16172
28024
22068
18163
16102
13463
14483
19078
20121
14670
17946
12686
15536
13453
14465
11126
14961
13786
18120
16824
15816
29398
18361
14757
18661
13653
13659
12252
19951
14010
12535
13101
18046
16618
18484
17645
16405
16201
14189
19748
16578
12319
16883
17156
15607
29442
14544
13655
12218
15383
29210
17091
16551
15829
11833
14263
19047
18011
18558
13962
15462
26588
18772
14156
14271
16046
18557
14510
14002
14227
15995
16826
28862
14999
17037
27255
19307
17069
19360
13074
12453
13834
12472
13066
12258
11947
11986
13061
16762
18415
19489
17399
14295
17374
19355
14664
16401
15269
28735
16702
16068
28587
16874
16222
16302
15277
17486
16230
19039
20292
15758
13472
23189
18150
18629
23229
19646
27200
19578
19966
16382
22399
17073
15450
25518
19681
17402
18812
18665
17065
20994
16443
30484
19611
15572
14919
19534
16259
16299
21630
30650
15441
21842
19532
25810
23075
31255
17779
21917
16887
25247
23478
15621
25043
17613
15549
18848
29921
19022
16192
20082
28207
18637
19459
16663
18760
19551
16271
29215
18242
18942
16200
20061
16497
32072
19754
19193
19045
28730
21806
18227
19526
28333
23787
20457
24975
16657
19798
17446
25849
24924
18783
17752
19749
27677
17729
18908
16077
17251
19450
18568
15876
29620
15129
28361
17856
18162
26018
22833
18513
15785
29720
14400
18718
21308
28835
17189
20126
28314
23083
18695
14947
16089
16270
18048
16477
27567
20325
15778
15065
17814
17477
25233
22329
28150
19250
20765
14917
18287
21625
20817
16167
14951
16265
18558
16355
26036
19188
16699
16493
17436
12998
12346
12293
13027
15795
18872
20348
16369
30022
19803
19095
18890
18028
14076
12364
12114
17084
18575
16172
19981
27132
20970
19430
15676
18348
20636
15236
26419
16187
17130
16957
18138
17349
18754
12736
20854
14666
17923
21569
17049
17436
18499
21696
18182
15038
30340
15378
20950
15913
24187
18590
17849
16495
24115
18415
16343
20453
25795
19003
20697
16682
23568
18172
17042
17772
29076
17860
16467
18250
14031
18458
31513
17124
18327
20300
21353
18026
14338
20617
20695
20119
26663
14984
30418
20018
18148
18123
27879
21575
16871
21560
15655
17677
18598
17612
14968
21705
17286
14780
20262
16834
29856
17245
18175
18316
20192
18577
15496
81591
113741
102680
27779
19760
20887
30546
17889
29710
18315
19123
24990
18393
195048
27158
18727
22757
18644
18603
17319
17319
17237
15997
220751
64380
19554
49103
46759
24803
17749
19812
18282
22952
22296
33174
18120
17728
16138
20936
18759
24902
19773
17178
18057
25303
18443
17206
17166
22764
21319
18580
16054
16711
17817
23125
15499
19390
18424
20420
17643
17994
32017
13610
19804
20967
22259
18724
19173
16452
19188
18335
17714
17918
18961
18468
20292
21185
18776
16630
33736
20795
28334
17293
21873
26624
23762
22652
18678
26578
20613
21259
23107
23708
21866
22302
20910
21176
28739
18678
31338
19328
22125
19516
28065
20064
20094
27641
22621
20553
23075
22849
25387
18780
22419
24152
18649
19520
22015
18473
22839
21837
23972
18971
19044
30104
23751
21988
20739
25730
20465
19473
22573
28071
21781
22950
20726
28186
22360
23736
18342
22815
21258
19896
35602
17097
19603
19382
15873
21890
25048
25859
19468
19543
20713
19988
19045
28850
20433
19092
19068
17846
19189
16673
20810
18020
28197
20414
22172
18176
17507
13622
14959
16417
17845
17917
18858
18841
27088
21454
18595
19494
28322
16620
21975
22125
19644
20017
22267
16512
20633
21124
18635
18429
22157
18155
19222
25121
22330
18081
30188
17329
20313
22547
20591
25030
23826
21933
25426
24126
29631
19676
21187
19295
21213
26536
23636
21708
17271
20892
26106
20053
18298
19327
16703
28485
22186
19802
27347
23358
23697
19769
16778
19312
25381
21136
19581
22150
16640
17603
20803
16827
20600
18714
28324
19073
23839
28837
17712
18663
20692
20134
19771
21538
22978
28127
16721
21462
17455
19464
16877
19499
25302
23697
19497
16168
19982
20766
18780
19418
19984
19556
17266
20396
24897
22903
21375
24292
17282
28574
20414
21380
21968
20151
18897
20493
19814
18280
20677
30584
14403
24017
21577
20973
21493
19890
16832
21227
30718
19688
23302
19787
20031
20680
19856
16794
27507
20493
23459
20202
18053
18322
22788
20400
19815
21888
19774
27654
23918
18666
22573
15837
16977
17456
17583
24593
13857
16448
20473
17948
28600
19114
20552
21306
17354
19405
18398
19435
27770
23521
23716
20432
20168
17321
21971
21869
17296
18292
18258
21016
21403
18690
19718
16477
28655
23186
17818
18501
19015
16330
27793
21901
22393
21607
22932
20414
20186
28514
19777
17110
20330
26961
29007
21575
17583
19670
28370
21749
19159
22276
21704
20958
17302
22277
19965
28274
19869
23887
23480
27710
23528
20848
26459
20942
20448
16878
27507
22691
27194
18705
28575
19614
21811
20397
18219
24728
28033
18557
18236
16999
22111
16828
27837
20843
18776
28276
20519
19266
16605
19993
27713
20544
21760
18624
28133
16708
18741
28222
22258
17879
21352
21136
28079
18885
21633
18528
19455
26881
18113
22068
18092
16656
23544
18745
14983
14574
19496
12895
13487
17015
14225
15771
14007
22570
22088
16590
13066
18516
15252
16617
22057
13798
19786
17170
26572
14790
16146
13240
13693
14977
16429
28325
19704
15700
13612
13090
17834
12429
11909
11000
20008
13219
17034
20128
14904
13106
18028
11287
14651
20426
18601
16756
16633
12623
15501
17016
13660
26759
22390
19926
17300
13075
14538
18883
11430
20335
26966
18966
17219
28370
20744
15554
12379
15177
26073
20143
16075
12160
20199
11307
17613
17093
15990
17975
16372
13840
22273
14983
14757
12721
28771
26039
13447
15297
28438
15990
14619
22830
13294
16316
16659
22254
19194
12634
14401
13538
11800
13771
15043
19712
17050
13766
13095
11632
12185
11728
12337
13877
15272
12889
15887
27736
20702
14137
12389
14799
18473
25629
19075
16997
12456
19338
13912
13680
14051
16602
16546
13795
11721
19259
13329
12586
13692
13744
18097
17716
14649
24636
19120
15568
15791
15866
20961
20775
12612
13661
16192
15538
24560
22834
19754
16901
15489
22172
18788
17782
25618
15815
12068
21189
15613
16002
16396
12997
11860
18902
15292
24332
19796
15600
13674
23883
18351
15312
16444
15384
15370
23345
18279
14195
15967
13197
18685
11415
24019
18611
15472
15723
15787
24063
19382
16114
15297
15829
18776
17901
12330
23763
22996
16464
19619
18486
12488
15059
16443
19606
12225
12580
12534
18491
14925
20436
17946
11800
16579
21266
17997
12583
17753
17509
16678
23044
19010
17544
15816
17599
22674
15364
17740
15256
23567
18639
11375
15184
24117
18256
15433
15742
15321
15368
15502
23306
18492
13814
15875
24560
21761
14897
13441
21333
17069
17345
16166
23481
18214
14454
22103
22257
15914
15740
18402
12966
13060
21051
17897
21893
13931
24395
18405
15585
18547
26697
18482
14961
22614
21553
18142
15057
23148
18047
13270
14304
23503
18214
14649
17793
24256
13726
12183
11722
22620
17251
17676
27539
21105
16762
16900
16196
13671
13856
19557
28879
18821
16512
15861
22095
18087
12641
14492
17599
13903
13760
13863
14846
11792
11560
12192
22523
21807
13991
11896
20817
13105
15172
16943
12771
11736
18630
14406
23159
21082
16066
16620
14308
11515
13952
12239
15450
14068
20826
17982
12459
12024
14006
11776
13235
16151
17060
13207
11639
14820
29096
17051
12269
13055
23135
15489
15433
16722
20375
17560
12171
12054
11688
19132
19318
13973
18063
14955
22344
18446
12601
14111
23885
18377
18217
16159
18462
14324
14786
22090
12270
14699
22752
18940
15428
15948
14517
21807
12193
13813
15360
25526
12162
17087
23474
18682
15673
14717
23629
13787
15233
18287
18271
27416
20857
16361
15298
17484
17209
13931
22460
14994
13337
22797
21225
13353
13973
17716
24995
18520
15297
17484
17760
26295
19074
15163
23833
18392
13904
16175
15831
11484
13420
14343
23089
15518
16737
15480
21676
15401
16463
15723
15139
15055
23358
18500
13305
15703
14711
22063
14083
14961
15839
15716
16861
23514
18489
14748
16920
15165
13194
18119
16507
22676
18194
20085
11164
15003
21860
16718
15910
16677
22757
23545
15975
13742
21075
14399
13722
22622
16543
24027
18485
16852
15582
14983
13949
12379
12980
17633
18641
15619
30038
18815
13547
22059
12450
12660
18266
18283
16001
13717
15283
14800
21824
21866
21040
12956
15723
20723
20562
18160
32839
21688
19618
20269
28900
21527
18943
22128
16581
18121
17843
19969
17206
23068
25766
19364
18977
18471
18326
20190
18257
17197
18642
20665
18134
12672
18109
18327
16430
18019
16057
19998
15448
18214
22923
21267
16916
19976
16544
28209
22055
12889
12679
17979
21609
18640
16981
28642
16886
19447
20031
15816
18568
17522
17517
16637
28785
17918
18869
19101
11138
18944
20409
17834
16572
19739
18631
18400
19971
21491
16914
18977
17833
19216
19478
20953
17935
10860
19879
20567
17909
19338
19318
17660
19744
27810
19107
21382
18446
15624
21872
21789
18317
22516
17247
24129
21964
18450
18897
18813
17753
17522
20123
20068
18642
21956
22098
20036
20014
22402
21649
18208
16642
18549
16724
18526
16385
17816
17228
28621
21980
15687
19078
14939
18787
27012
21503
16567
27541
22174
22484
20510
20032
18110
16439
27088
19597
19170
19157
13658
17025
16606
27808
19090
19385
20572
15641
16940
18860
16688
18292
15381
27483
20508
21124
56293
58919
31235
26348
25757
17801
16403
17003
19345
17496
21524
21597
18085
21810
15826
26315
24246
24736
24816
23001
16473
16393
13955
16337
18217
25268
20162
15362
17180
13668
14437
12453
19051
13931
19727
17450
12639
17953
30167
20004
17711
29807
20005
16364
16156
19569
15812
15221
14880
20293
17480
12899
15407
19151
12532
29991
16267
14297
13179
28405
23674
16619
15460
15012
15950
18992
21041
13452
29493
18959
20392
17306
12976
15113
19277
17889
17224
16402
14274
28735
16009
14596
11301
11355
12333
18141
12069
16555
14457
25368
18637
15159
18734
20652
18100
13384
19780
19186
15186
17061
28898
16821
17560
29618
19556
15057
12952
22920
18467
12518
13852
17370
16458
12126
11464
14000
19763
16017
22034
17948
12335
15103
17182
11778
12781
15769
17987
31919
13807
17395
18187
17820
16609
12321
14733
18762
20687
22128
17985
13450
12501
14381
18417
19512
18173
15592
30224
16085
14287
17975
29989
16899
16956
21311
12579
17902
13294
23196
16973
16202
23064
18160
17550
18961
18643
19140
18627
18107
19562
18862
21675
19194
21205
19671
17157
18880
19071
18485
19863
20774
17617
17808
18298
19191
17811
19216
17656
19556
19394
19722
18884
24857
17449
25313
22159
17211
22802
32127
20224
18381
20068
17922
16675
16057
17520
20970
21423
18846
17587
15870
30581
20193
18652
20946
31624
20729
18536
20013
17541
17346
19129
22814
18010
21377
19930
19069
18192
22736
18915
21210
20093
18107
19339
17845
18337
18641
18256
19025
19627
19982
18531
24500
23720
20165
19319
19511
18267
16751
16887
20763
18925
20323
18223
20337
27153
20132
17880
17499
18337
17376
20619
19380
21010
23781
18686
18249
18031
27514
18267
18324
18944
18027
18725
20585
17773
19142
19354
18381
18286
19283
20197
19216
17838
17834
18104
18582
24129
23386
19049
19952
20237
17916
18756
19904
18885
22922
27902
23728
26197
19400
18666
20003
21710
18099
17666
16674
16579
14865
27933
24877
21255
23157
19358
18930
24749
23588
22138
22935
24632
21060
20911
23860
23125
19512
17767
17694
19750
21050
24113
18706
28149
20079
19181
17687
17992
19280
19343
17962
18965
18262
18069
17862
24219
22457
23519
19705
21727
16878
19930
19943
17730
18779
20345
18289
18685
18012
18397
18446
24417
23033
21125
16885
17536
19405
17638
16802
22393
24566
17814
24228
23999
17757
20576
19026
17885
18650
23156
18940
20989
19626
31480
20167
27180
16088
19300
21462
23826
17928
26619
19157
17410
18737
25881
17775
31704
21803
17007
19307
15696
21753
20958
24269
18460
23415
21114
18655
17354
18317
20047
20999
18047
20351
17292
17689
18236
20856
22357
28550
18908
26414
18372
18770
21643
16470
17949
18260
21761
24337
19912
20590
17597
16711
21228
19138
27566
19039
17442
26656
17466
19763
21190
19564
19917
33235
21797
21586
22812
17993
18394
23071
29902
18393
20868
19513
31458
21938
20049
20031
18778
19978
17970
21065
21528
21957
23618
18012
19035
17748
16712
17978
19192
21057
20779
25673
17994
18500
18926
21231
20575
18282
18573
23232
20651
19986
19135
18460
18992
20574
25246
19538
17715
17968
24869
23237
20572
17418
19089
20105
20509
17860
18045
21066
20083
22291
26963
21200
20656
19586
18057
18243
19855
21175
23449
19514
18093
19250
18305
21114
22068
19503
24338
23336
20796
18889
19807
17517
17562
19793
18103
19204
24230
22909
19562
20886
17375
18430
20146
18062
23630
20635
18146
18674
19042
20917
23651
19329
18117
17771
18311
21491
22514
19113
24595
22197
19075
18025
19779
17593
18777
20201
19087
18229
21270
20523
19367
21357
19347
18263
17553
18334
18886
24469
19871
17876
19349
18196
21363
25229
18718
17607
20479
19302
18698
19222
18184
24316
23643
19220
16782
17336
20747
19031
20300
18119
31312
21993
20733
17505
42422
22813
22501
17817
20979
17746
17326
21670
22496
18057
17141
19789
22413
17965
16282
19200
19303
19265
22802
35738
24582
22905
18873
24117
21554
16194
21258
23194
18951
17242
16268
18786
23700
24437
23826
22899
19313
17252
19132
17503
17947
22455
21874
19562
22774
19304
32699
23470
30857
20451
26211
20262
17654
18824
22271
30594
19899
20679
19517
20898
18624
31682
19283
17753
25937
18698
19605
21117
18748
17122
18916
18036
16481
22886
22636
22813
21813
22180
20811
22084
19985
17736
19308
31169
19094
22078
23780
19785
20107
20338
17610
19075
19880
18601
25175
21304
30499
19613
18709
20692
19473
49672
28567
28478
27013
25206
26361
25423
18964
21795
22582
17390
22315
22385
17553
24008
21114
17393
19947
29941
14613
15010
19963
13535
21418
15217
15211
20492
18132
13977
18025
16562
15735
16930
15234
15700
19291
14457
17001
30727
15308
13858
14507
12911
13919
16531
18163
13914
13512
15575
18755
19850
17364
16158
31211
14730
17601
21389
18851
24992
18500
17224
16469
29498
18267
28124
20299
15132
22822
23826
16023
17932
22293
15039
16030
20118
17408
14675
17600
16887
16469
16694
13834
16004
17438
21809
14307
16534
19701
17372
15403
22824
18133
15041
17672
16661
15016
21209
18553
16955
21996
18071
16802
16209
16413
17369
14803
12927
18337
14374
13546
13105
14688
18156
15736
15349
21598
15647
13684
13053
17170
15141
17654
15024
16892
15072
15346
21488
15932
17795
16204
19390
23367
13162
13524
21728
18421
13668
18153
17569
13311
15211
18355
18174
14156
13454
13215
12859
15718
19102
17916
16846
19881
17206
12164
15173
13607
15238
12956
12700
13719
16502
26549
13060
12758
13076
12449
13044
13709
21079
17893
16028
18619
20196
15046
17112
14828
16725
13945
15480
12840
12745
15227
20508
18424
18106
17704
16906
15580
18209
13979
16961
25420
27075
26032
16049
21480
16708
15158
18465
38038
18806
23262
22639
19324
17299
20628
17146
16438
23790
18046
15858
16460
17711
23508
18178
13825
16233
23390
18876
16777
15765
16465
22895
18122
15703
13668
14602
15711
17418
19181
16413
15118
21957
17258
24747
18204
17644
15953
24142
18631
16267
17301
19206
16620
15038
21362
18097
17687
22409
17818
17588
16706
15227
20901
13015
17048
23070
21358
16259
17238
17516
17214
16680
16682
16419
23219
18194
14849
17463
13794
18324
16237
16504
16767
23275
15132
15419
16368
16723
22081
15081
15962
15114
13085
14065
13747
13171
12891
15780
16624
19072
22308
14314
17655
30465
16188
18632
14041
13593
15141
16757
21374
15930
13622
14545
18546
15380
17786
15016
14811
21168
15187
24711
18276
18511
13556
19095
14093
16816
15556
24102
18804
16513
13061
19675
14136
15875
16667
23315
18286
13753
15559
17533
25010
26508
17988
16621
17259
15870
15985
16532
16059
22805
18276
14100
15913
16228
13819
14027
14965
22635
16841
17863
17014
16455
26101
17608
16783
24293
18650
16028
16880
16961
15431
16421
16831
17922
16516
17171
30333
16543
18996
23033
18290
13997
17133
14384
14631
17341
16475
14993
21523
17530
16826
19959
17489
13984
16556
16787
15772
14266
14360
17016
18583
18539
13912
15479
17443
14815
16591
17210
13952
18085
17483
22589
18063
14231
16577
22025
15753
15839
17225
23645
18023
15604
14117
14457
15832
15186
19794
18275
17518
13285
18433
15539
14876
21429
14570
77624
103495
90881
31219
22933
42803
25914
21884
24573
27995
66416
18249
15935
17152
14210
16246
19018
18974
22126
18148
13826
17135
23070
17487
15871
14603
14664
13367
14516
20932
17606
17738
18028
18034
13565
16482
23701
18188
15804
17195
22912
18853
16993
16144
17672
15196
21271
18954
16904
19485
20109
18490
17266
16932
18770
16815
16204
15313
19634
20398
17133
19145
20076
19249
21014
18605
18553
20122
17840
23971
18219
18243
18659
26851
18386
20894
17440
15353
15777
13872
19067
20824
17073
15536
21412
17112
17580
21837
18052
17549
11877
16548
22140
22755
16140
17984
14630
15137
16205
20778
15131
13975
21551
17720
16171
19898
19662
14850
14353
20826
13962
15965
16098
16181
15538
21496
15642
19843
19992
14607
18293
24167
18326
45083
18479
18319
33210
18821
30112
16332
17796
24944
19472
30391
15493
23893
28295
22753
32913
18403
19067
17763
17742
18429
17821
15461
18570
16773
20670
15529
20127
21785
20384
19473
16705
21357
16307
14205
17486
17265
14295
21699
16289
21326
21363
22767
15463
21872
23007
18604
17614
16107
20912
15514
19989
21469
16696
24146
21392
16018
18476
17286
22787
18489
16673
17176
20614
15323
21914
21079
19843
19576
14560
20656
21819
17491
23553
23689
20240
22695
24152
18056
18782
23118
23797
17924
17469
20092
16809
22190
18034
17152
17476
23550
17485
19351
20217
19303
19887
19275
24551
18092
16822
17533
21737
16416
18832
22297
20298
20783
20425
17668
18804
22272
19324
20155
20227
17278
18162
21895
17778
22587
21871
18917
16580
18652
20206
16334
19907
20499
20253
22320
21605
24292
17992
17387
18705
19433
18687
18522
21054
22963
21031
20620
20877
25149
19272
21073
23871
18272
18903
22499
22799
22795
31222
17702
19604
16549
20700
19663
21925
17460
19375
23170
19085
19442
20806
20913
21991
26036
20053
16501
21431
20459
17299
23482
16940
19602
22037
23580
17984
19130
17844
21260
16564
19537
22436
20767
17948
21794
18668
20192
16152
21281
19859
19334
20095
20227
16233
23841
18185
16856
15726
20473
16122
20058
15771
18212
20557
21883
21420
23110
18311
17490
21473
23117
17370
18864
22307
19035
20314
18912
19358
23755
18213
16772
18266
18216
22258
18996
18438
22494
18163
18183
20648
25560
18034
18021
25890
23051
20924
23204
20823
20508
22037
22283
19630
25078
19904
22531
20935
22319
19654
24047
19396
23748
21471
22968
19553
24683
19891
24004
23949
17505
17597
20796
20516
26920
24834
24864
24026
21887
18884
16753
17878
19323
18064
16676
20932
24128
21545
19781
19022
19907
21885
22037
20948
22231
18275
19742
19132
17787
19861
19616
17999
19375
23092
24415
20359
23692
21163
22698
20734
23063
19461
24338
19341
22888
20990
24582
19002
24277
19295
22407
24820
22585
19476
23226
19572
23594
20926
22947
19578
24518
19444
22433
20756
21678
21848
26332
19602
20562
23020
20295
19904
21799
19874
19899
25509
20128
22375
20922
22974
19600
24037
19150
22866
20892
22429
19069
24604
19235
22450
21025
21474
20476
24411
18892
21222
22090
22226
19383
23714
20674
24699
20834
21872
19733
24451
18998
22350
21324
50565
20496
22637
21653
20080
21719
19995
20092
22098
20474
19685
21814
20474
19961
21625
20384
20219
22367
19811
20780
21769
20490
20156
21711
20616
20181
22376
20365
19940
21665
21553
19715
21971
19744
19839
22260
20100
20120
23322
19484
20487
22359
20211
19658
21494
19683
19650
21586
19697
21320
21326
20348
20291
24127
22528
21883
22933
20754
23795
18835
20720
18767
21664
20021
20216
18106
21363
18454
21019
22271
22013
21200
21371
18198
18818
28695
22391
19761
20945
20588
34397
19776
21723
18937
20995
18780
20882
18598
22502
18609
20693
18561
23203
18156
20572
20438
21285
19416
22668
18679
20906
18252
22369
20319
21265
20797
20741
19038
22482
18381
20352
23448
19943
20320
19708
20679
19683
24177
18333
20265
20969
20037
20283
21888
20148
21103
21497
21052
18857
22834
20612
22010
22484
20102
21264
21067
20910
18677
21990
22338
20398
22286
81490
20538
21262
22937
21581
19536
22722
18234
20892
30693
20458
20449
21041
20761
23218
19269
21142
20219
20687
18285
23450
20665
21256
21059
20899
18407
22500
18386
19988
22639
20466
20076
22946
18978
20891
20242
21017
18617
22645
18306
20417
24316
20300
20534
22899
19526
20909
20109
21232
18136
22845
18301
20634
19856
20967
18444
22220
22201
21085
21140
21019
18710
21972
20879
21215
22464
20689
19417
22017
20974
21234
20830
21078
18322
22458
18228
20177
22614
20006
21279
21687
21035
18769
22261
20835
21408
20866
20993
18717
22996
18166
20252
22492
21327
19181
22702
18547
20825
20194
20856
18255
22984
18531
20232
22221
21315
19209
23042
18389
20726
20105
20573
18458
21909
20613
20780
22903
19261
21034
19865
21116
18521
22437
18344
20632
19771
20813
18504
22552
18266
24026
18511
19438
16741
17996
20109
22157
23276
18970
21009
35658
19917
21170
18591
21241
18520
20965
18216
24023
17271
20000
22682
20804
20415
22337
21695
19815
22499
19464
20605
24903
21356
19372
22777
18289
20787
20184
24821
18786
21953
20465
21344
21136
22471
18353
22031
22706
21125
20449
17414
19786
22968
18338
20980
20182
20991
18347
22589
18328
20441
22475
21586
21439
20895
20924
18455
22667
18517
20377
22351
21275
19485
24276
18511
20803
20190
20674
18866
22478
18722
21883
20190
20967
18658
22612
18789
20693
20048
20918
18445
22631
18222
20608
20508
20638
18717
23959
18649
20624
19964
21189
18663
21806
20640
22640
21382
20892
19006
21880
21787
20484
23324
19059
20844
20021
21250
18234
22056
20718
21436
20896
21329
18496
22458
18287
21031
20129
21159
18650
22074
20759
20303
23005
19388
20759
20333
21157
18514
23430
20738
21143
20697
21080
18441
22530
18477
21789
22540
21384
19521
22580
18741
23243
23508
23446
18621
20275
23361
18318
16939
17697
21151
19114
22184
23482
18238
20179
21223
20521
21858
21908
20313
22016
21550
20672
22063
22022
20588
21984
21278
21251
21044
20952
18672
22817
18285
20795
18283
19957
20413
22471
21478
18967
23307
18981
21093
20250
22169
18481
22186
22186
21264
21068
20750
19445
22200
21055
20115
23499
20475
20511
23044
18957
21330
20425
21029
18531
22043
20676
21426
21042
22408
18393
22993
18383
20097
22229
19631
20254
23621
21308
19438
22781
18273
20320
22531
23898
18222
21333
20940
21514
19892
22040
18650
22807
18489
20657
22760
21882
19884
24142
18642
21174
20183
21234
18716
22705
18501
20913
19967
20858
18463
21979
20673
20956
23356
19203
21227
20024
21137
18454
24275
18309
21036
20249
20999
18034
22953
18269
20456
22585
19221
17517
19521
18104
17781
19218
19002
17399
19451
18180
18734
16998
20978
16743
40613
41613
34010
25146
27325
24482
30837
22419
23614
74339
23382
102996
25540
16286
18918
23208
20162
14999
19549
17074
18264
21055
18309
17789
18723
24505
21992
20302
17530
15431
30027
15307
16060
22074
16557
17296
17088
18304
15032
21604
15230
15900
15576
14175
13551
16016
21373
15369
19782
19582
16796
17423
22289
15871
16837
19500
18303
16700
24445
18233
17482
22964
18933
16784
22288
15530
17399
25093
18718
18509
21223
18609
16505
21745
18327
19495
20704
18156
15451
21464
30862
17453
21104
16656
17565
16985
20023
28721
22611
17421
29468
19628
18633
17673
19826
17709
28953
20733
17573
16086
18733
16914
27517
21230
38603
20614
16460
33894
17789
17802
18985
27073
22143
17839
17653
18645
17218
23843
18516
18226
16826
14833
15737
28346
16604
19253
18125
30290
17507
17405
15533
16228
15604
13603
19128
19697
16813
19651
27833
25135
21234
15014
19901
17295
19720
18055
12172
19078
17024
15477
17231
29503
19300
19077
15213
21946
23921
16111
14111
12931
12517
14529
19140
28298
17019
20282
14566
17638
19171
17544
17072
15978
16716
30327
18302
20676
14489
17470
17141
15264
17843
12973
16463
18405
17788
30585
14656
19299
19936
25775
14739
19695
16168
20580
18505
13343
15437
19817
17689
18471
18027
18176
16425
19595
15811
15714
17123
21897
13264
13546
18335
24940
17894
17849
14294
12463
12301
16525
16818
17418
18580
17161
16118
18258
20725
17743
17459
17306
16097
18551
17164
15519
17120
24703
13894
12499
15241
17667
15553
21647
16981
15944
17459
18131
17711
18019
17902
18153
16336
15922
22122
17807
14323
15514
29638
17584
14159
12738
13469
22755
17988
14969
18096
16753
20139
15834
15931
18704
17027
18073
17382
16370
17907
18390
17955
16182
18265
17574
18032
17330
18087
18741
31446
21836
19901
20434
19399
19272
23479
21492
19485
21281
19182
19843
25371
30211
28251
22653
23600
20337
19507
19779
19239
24299
22730
17834
19529
24147
16809
19300
17827
16987
14446
32652
13739
17381
19391
14979
16073
28443
17617
17116
16840
15799
18456
14787
15076
22213
18377
13327
17258
18804
17248
16336
18300
22483
21857
19932
14206
15474
19790
17699
14110
15283
18985
16181
14827
18547
13977
15160
18493
14770
14592
15586
14679
13827
16894
20735
15218
18833
21212
14482
16966
20385
22031
22357
18202
16390
17527
29009
18134
20312
17342
15739
21475
15955
18068
18565
17933
15087
21217
15672
17980
17665
17449
16456
21725
14449
16776
19904
15088
18455
21699
15827
17598
16851
18134
15662
19404
14591
16979
20295
22197
21825
17926
14586
13626
18884
18714
26608
22450
29959
19360
18264
17914
18757
31174
23224
19676
14931
20499
28401
19599
32366
24176
18915
32001
23811
23321
16947
23540
19090
15167
19108
33445
20706
17151
30495
19503
22614
20241
26270
17960
22419
23091
18643
20648
13610
15011
15989
18969
17745
17301
17305
17623
18068
17588
17416
17213
17523
17382
17070
17860
17431
17027
17102
16986
17579
17349
17202
17361
17263
17049
17121
16879
17083
17063
17273
17455
17131
17290
17209
16974
16354
16293
14713
23295
20329
14613
17657
18007
15699
19449
14727
12943
12751
15204
18793
17626
13314
22232
25266
16116
19343
16141
18948
17207
17181
17064
17161
18417
17352
17408
17110
17146
17210
17202
16866
17435
17001
17228
17111
17831
17399
17072
17251
17597
17179
17663
17213
17604
17310
17071
17076
17484
16949
17461
17231
17045
17244
17160
16949
17467
17227
16986
17041
16964
17025
16957
17936
18134
17282
17092
16946
17137
17074
17098
17263
17403
17048
16454
16225
13159
16637
14152
16626
20793
25489
19885
23934
16430
28966
18963
20403
16374
19104
26471
17668
28225
24843
29513
17942
18145
17571
17498
28021
18172
21570
18179
17611
20276
27026
23738
28793
19451
17844
27455
27895
27178
27231
26632
26913
26741
26667
26451
26606
26642
27158
33282
28935
26623
26880
26619
26754
26789
26976
27283
26572
26877
27627
26806
19051
17473
25983
26758
26423
19489
22555
27573
26519
26648
27245
26978
26854
27860
27017
27077
26845
26555
26767
26284
26848
26871
26553
26522
26400
26700
26766
26593
27026
26544
25543
24373
17961
19345
19408
21326
18477
16391
15539
27396
17353
39745
15755
13195
14921
20341
18719
14319
15682
14029
17247
15824
20840
19897
16136
20234
18655
22548
17179
15469
17423
20391
16756
17358
16266
15105
14604
22526
14983
14750
15045
18765
15418
15427
17886
16851
28506
21097
15079
13947
17513
20832
14434
15540
23191
22264
17019
15205
15381
15684
14015
16666
18559
16163
13896
15373
16349
15626
14072
16501
15297
15684
16022
15706
15488
15418
17736
16852
17188
15191
15750
14135
23090
21855
16092
15376
15945
16949
27772
17672
15655
18883
21523
17903
15468
17736
27242
15696
27108
16895
16548
15358
16575
14928
15514
15536
16397
14302
15611
16497
15595
42811
21282
20781
20032
22260
19347
16135
14617
13911
15195
16479
17422
14128
17124
13536
15276
12997
16755
13451
14201
23083
17621
17470
14536
14974
14012
19414
16025
24363
14484
16034
15587
15100
15346
15955
16426
13920
19342
16075
16930
14583
14617
15366
17984
18548
14843
15001
15814
23891
17155
15344
15949
14454
13964
23738
14752
14774
17964
20860
14514
13255
16885
15551
16859
17072
15558
16757
15023
25817
21001
15697
15687
14292
14774
18825
26564
16078
16549
18705
16352
15181
17277
14867
16769
16943
14658
24282
23581
18947
17004
14540
17490
17154
15632
18184
16279
15078
19433
14777
18286
20112
14801
15552
17915
14778
17179
16343
19472
15394
15777
14885
17498
15068
16116
14071
18975
16743
14744
16262
14633
17413
17603
17024
25367
20909
16587
20571
15139
16612
25025
16934
15729
16511
15244
15465
15574
17015
15881
18367
15130
16934
15860
17449
21314
28999
30102
25006
20207
22562
21087
20503
22015
19981
20295
23405
19684
19873
22316
20993
19492
25912
22102
22415
22585
23682
21657
22701
25296
22513
21579
22336
21155
24107
21358
22185
23685
22436
21274
22227
21228
24203
22588
22021
22432
21966
21069
24071
20789
22398
22513
22031
21376
23829
21164
22401
24398
21757
20985
23941
20797
22152
22573
22127
20846
24214
21032
22387
22686
21999
22765
23391
21423
22206
22746
22077
21023
26298
21595
22777
21327
22598
22989
22415
22840
24064
21117
22485
22967
22399
21413
25749
21407
22401
21166
21963
23398
22182
21295
23570
21208
21997
22939
22706
21182
24349
23911
20168
20414
28126
19545
20263
23734
21927
389661
18315
29595
21663
18465
24501
19010
43253
32501
29207
22920
18555
24316
23338
17981
21621
20840
18747
19405
18104
18207
17605
17110
18235
18300
20905
26520
19906
20182
21638
19926
19600
41326
20326
19521
19400
19557
19441
21436
19989
21090
21272
20299
21368
21925
18052
18095
19424
17655
20188
24091
19615
23743
22043
19655
23314
19273
21041
22545
21500
18981
21912
18376
18419
20321
20168
22603
22496
22826
18889
21831
19404
18521
17709
18839
20880
20082
24401
20714
23003
19109
21627
20818
20948
17497
19549
22379
20707
24951
19043
19823
21333
116541
101234
80232
59361
28755
24424
22062
285738
26233
23019
23416
15149
16862
14502
19412
21670
20456
17863
14664
20644
24608
24561
20267
20696
17060
17563
14715
11584
19469
20697
26271
14839
20173
16050
27881
23429
17910
17073
17744
16280
14741
16858
14529
18112
15966
15057
14175
12907
21862
20660
15458
14569
20626
14397
16814
20090
14619
15091
20501
14075
14021
15059
15213
19326
53237
49861
51686
69321
26381
28616
21378
19779
28256
23710
23441
18670
23520
18022
16383
18128
22697
20822
22220
23851
20121
18106
21705
31637
20802
90517
25032
18123
18694
20728
18671
17513
24963
25269
20347
18036
20872
17690
12676
18359
18782
16333
15713
30817
15726
17951
14317
18231
20817
17137
22683
22502
22267
19453
19256
21900
18418
13067
19002
18496
17842
17203
17039
17618
15509
19151
18775
17017
18088
18593
18653
17594
21158
27295
20712
22116
27555
24097
26143
17864
20576
20889
18692
19327
21474
24102
24281
25321
19065
28196
21955
21854
20069
22451
19494
18551
20735
18520
19676
20463
19547
18910
20781
18931
18373
20397
19155
24733
31588
15820
21923
23250
19823
18420
35934
24937
21686
22699
21472
24102
18239
18581
17106
18103
19780
19611
18811
20021
19770
18710
18631
21400
19563
19128
19894
18778
18548
21412
18633
17411
16638
20571
18334
20587
17255
19261
20840
19300
18774
19827
18736
18697
19483
19584
18224
19768
18703
19128
21257
18557
18938
19884
19235
18915
21227
18683
17256
16617
18393
19193
18842
19633
18518
18490
19081
18582
18534
19424
19455
19654
21200
21144
20878
18876
18621
20070
18414
19223
20893
19532
18191
19445
18582
18764
20217
18925
18387
19351
18658
18806
20009
19517
25154
23184
20761
17682
19585
24070
25660
24318
19658
19202
20988
19549
18718
19898
18566
18825
20928
19268
18432
19649
18508
18915
21892
18628
19153
19881
18788
19186
21711
19335
19124
19642
19902
19620
20729
19267
18777
19737
18566
19030
21491
19075
19709
20729
17950
17942
18182
19337
19046
18963
18132
17665
20848
21019
18610
18816
19828
19384
19021
20958
18112
18751
19081
18894
18772
23025
25181
21522
22156
19864
18699
21142
20179
21994
18585
17780
15527
18894
17926
14568
18971
15569
17242
19396
14005
15368
16255
18781
17628
17891
17076
15229
31403
14565
17296
18424
14267
17634
30634
15460
15495
18510
15483
18396
13894
15830
16585
13602
18472
18317
13823
16696
17056
20077
13212
12661
12497
12536
12438
13511
14747
30984
15203
14568
18458
29671
14952
15402
12749
12424
12302
12875
12473
14796
18333
15494
18084
14200
16238
16665
14014
18572
28408
19116
16703
14838
17517
18766
17578
18602
17668
16294
31456
12998
11795
16901
16956
31487
15030
17264
17222
14902
21032
17969
13896
19359
26107
20213
18654
13181
17490
16953
13418
15264
18521
19092
15983
18072
30513
14668
16757
19922
18142
16323
16168
17148
18379
17627
16132
16464
17151
16916
14959
18743
18214
16725
17202
16409
30525
18004
19242
19701
29959
16814
15193
19575
13672
16867
16220
15759
17568
16687
15173
19343
15592
21300
19075
18749
19379
17169
16733
16864
29630
18965
19322
22228
18768
16951
17765
18584
17209
23208
16214
18421
18403
15962
22911
18302
15140
13679
19871
15067
17833
18785
17118
17263
15501
15496
23036
17933
14858
24561
22460
23432
20359
24764
20507
23676
17936
15044
25253
22905
24584
23828
21516
16415
16173
23628
18530
15832
19834
16561
23865
18090
15194
18252
23993
18087
15374
17824
17926
24862
21845
18209
17282
17397
18473
16718
16370
23469
18114
13834
16309
17411
25129
19153
16161
14524
22596
14764
13246
20861
17986
15785
27292
19667
17232
16159
23383
18221
13651
14627
23703
14612
12638
14998
15155
15364
14479
13835
16604
17175
15140
14549
13083
17686
15510
15154
14366
13201
16417
14759
15592
14305
13344
16163
24798
22098
13702
15048
17291
14366
20248
17698
12297
15943
18509
14398
13192
12931
19113
17449
12192
15685
24384
17435
15148
13448
19646
16925
16640
13052
13794
18850
14988
16838
18648
14468
15695
16316
17576
23738
18538
14372
17491
15074
12264
13896
19393
13834
12218
21348
12960
16907
35758
28243
18995
16987
20422
21454
16769
23107
17034
17783
14433
16787
20163
17982
17357
13854
19380
17856
22809
16751
19245
21221
18169
21336
18902
17661
17860
16248
16050
16032
16450
17624
15728
20451
15388
16033
15556
16081
17936
14532
17494
15492
17973
16025
15654
16398
18159
16000
16176
16189
17710
15894
15737
16199
17832
15974
16171
15609
18250
16556
15521
16189
16353
15981
16053
17969
15613
16065
15885
16592
16564
16442
15871
17882
15884
16818
15923
16326
16509
16129
17766
16016
15912
16005
21369
18103
15871
18492
17582
14411
18058
19085
18013
21842
17607
16355
19721
16224
17451
15642
15931
16528
17620
15604
16049
15790
18088
15898
15977
16010
17706
15583
16548
15651
16191
16004
15908
16423
15382
18034
15826
15682
15966
17853
16042
14687
13596
19406
16748
15864
15773
15744
16064
16521
17331
15645
16014
15849
17942
16058
15761
16089
17899
15991
15866
16053
17660
15786
15750
16327
15990
15610
14629
13664
17113
16314
16047
17732
15449
16333
15966
17681
15609
16220
16117
18064
15440
16188
15885
17878
15512
15950
16143
18007
15461
16230
16048
16901
19678
23959
22268
18831
17283
17367
16615
17210
19354
17233
16933
16976
20375
17687
15618
16422
15437
15635
15815
18127
21705
18275
16053
19041
17048
12806
21693
17840
16221
17611
17745
17603
15482
16419
15511
16152
15863
18080
15406
20083
17945
16078
20567
18004
17674
20292
16014
19857
17770
16004
19253
15133
16332
20158
17462
16382
20630
16915
15416
16525
18962
20794
15234
16492
15361
17991
15159
15886
17379
20332
20529
16446
17156
14859
17103
15516
17528
15503
15546
16560
17085
15894
19818
17486
16147
16736
13531
19462
19783
17504
15743
19418
14764
16543
21487
18240
15875
18567
18411
15606
18308
18868
16299
16862
15765
17268
15667
16040
19394
17884
15922
21151
17837
15949
17926
19211
16452
16548
15513
15811
15989
15218
18898
15605
16094
19291
17257
16545
17490
17648
17524
17423
15618
17702
16172
19421
17309
15691
19456
16905
17588
17244
18168
17835
15500
16372
17550
17742
15715
16468
15802
16948
16350
15957
19974
16601
17966
17632
15531
19136
17346
13728
17101
18909
15644
17738
18332
17840
17975
16713
16000
15700
14871
22327
21980
17933
16276
18605
15150
20502
17269
16444
15673
18158
14964
16750
16176
17841
15355
15285
17487
17850
15716
16191
16672
15865
16135
16219
17866
16071
15112
16567
16121
15951
15913
15594
17911
16223
15656
18250
16606
15964
15984
16193
16096
16167
17854
16021
16163
16003
17919
15574
14988
17464
17298
16162
16472
15998
17905
15739
16318
16332
18015
16129
16251
16192
15990
16198
16046
15979
16335
17163
16612
18122
15613
15990
15967
18003
15564
16108
15353
18348
16014
15605
16051
17929
14395
13857
17432
18039
15684
16115
16273
18011
15574
16210
16228
17867
15888
15979
15785
18077
15627
15973
14538
18963
15561
16040
15968
17963
16010
15985
16035
17814
15581
16130
16089
18041
15871
16151
16076
17603
14491
17202
15565
17924
15934
16097
16008
17739
15707
16308
16149
18107
15487
16256
16503
17541
16089
16050
14401
15148
17231
16418
16234
17811
15909
16055
15689
18420
15579
16177
16582
16239
15963
16032
17901
16053
15916
14693
19315
15299
16421
15984
17850
16654
15612
16096
16377
15804
16286
18147
15946
16079
16513
16199
16227
15524
16699
59720
43298
73858
24366
440684
62498
68531
96249
14977
17575
21784
14710
14138
18757
22459
26427
43658
18734
25264
17350
17617
19822
16325
19082
19102
15297
15599
16828
17611
18073
13423
17731
19287
17746
19338
30374
17533
20385
29881
20105
31894
14333
16237
21128
24006
14321
12689
14231
12708
12314
13613
19084
23055
14782
18949
19265
18833
19325
18979
20288
25156
24844
22497
25749
21918
19335
21854
17139
16404
18233
27556
20828
14164
18813
17012
16820
16118
16833
16249
15822
13181
18514
19253
15823
14830
22358
17241
16956
17639
20347
17426
12304
16471
17289
14989
21710
13935
18147
20652
25415
18915
13745
18640
12974
14205
17620
23879
21104
20607
18661
13235
21914
19465
18290
21552
17701
17496
32473
15057
16676
16136
21856
23147
18853
13852
16513
16617
16229
15759
15723
17462
15678
15981
15640
18290
15750
16020
15691
15638
15640
15561
17184
15811
15545
15527
17534
15754
15637
15723
17079
15542
15450
15970
17355
15729
15668
15606
17161
15707
15405
15494
16997
17025
17482
17221
17088
16070
16198
15649
13521
12588
22255
24473
18315
16741
13985
14724
19807
23908
18389
14008
14812
16138
16450
16014
17098
15732
15593
15779
17063
15759
17503
15763
15618
15856
15740
17273
15788
15598
15886
17248
15770
15893
15746
17065
15907
16652
15614
15704
15848
15683
17210
15649
15666
15668
17237
17266
23145
21528
15794
13668
13475
15984
16522
15928
16203
18685
15757
15588
15699
16917
16029
15823
16005
17235
15762
15772
15752
17072
15816
15921
15831
18477
15573
15857
15758
17266
15939
16101
15908
15924
15614
15654
17101
15679
15559
15809
16940
15770
15637
15519
17013
15573
15557
15894
19612
16489
15900
15970
16184
15841
15741
17045
16142
17827
16098
15781
15904
15950
17142
17442
15932
16163
16805
15790
15932
15759
17236
16103
15939
16020
17243
16225
15932
15783
17041
16005
16053
16048
17046
15923
15973
15798
16680
15744
15715
15979
17012
15760
15816
15797
17122
15997
15840
16127
17000
15809
15871
15882
16789
16019
15929
15984
16957
15862
15797
15794
16915
15995
16007
15989
17371
15882
16944
21830
21899
19739
20846
15980
15336
15134
17563
18090
16095
18782
16402
17545
16065
20641
19583
18500
25242
22479
33122
23341
20151
18318
21015
26226
19938
21148
18326
20260
20185
18052
18831
21947
19401
24677
24416
19322
19202
23247
18554
17739
19322
37216
25557
20323
18293
15559
22774
24523
18155
15579
14360
17147
17606
19148
13533
20431
26456
21207
17957
17216
19621
15462
17667
17833
14421
17014
17904
18916
17745
17524
18114
15242
15774
15643
17765
14458
14703
13484
13498
14359
15849
18011
15744
16688
17391
20010
19963
14485
14163
15801
15366
18588
37365
17719
19318
15527
18221
19430
14094
16035
17644
16039
19281
25321
17555
17733
13727
13405
13629
15188
18090
19287
14380
15803
19633
19225
17497
18505
28041
15698
17156
17111
16370
15693
15744
17428
13580
13639
13354
13458
14509
13487
13486
18797
13650
12727
16151
20933
18809
19260
17592
17186
17778
17228
17355
18480
17098
17085
16757
17697
28286
18483
19550
17701
16604
19851
17724
17054
18299
17339
19639
28112
27487
25552
18146
19340
17437
17520
16201
17731
12736
15964
19352
19109
17332
17429
18648
18688
17564
18585
19431
16643
17125
19440
17514
17362
17025
15825
19707
19393
18638
15507
14866
16426
17058
22387
15893
17032
19254
17488
17482
18360
28740
20124
19843
17711
12533
15136
15864
19293
14771
17504
18435
16665
24193
16067
14684
17273
25933
18192
21021
18180
14038
19745
26190
19496
17516
13868
17727
27248
20249
16460
18628
16717
17525
13724
14578
15431
20534
24985
14429
19332
17633
15048
17790
27544
15561
15651
20754
16003
15129
13722
14682
13355
15554
19920
18528
22223
16946
19901
19352
16469
29442
16701
19368
17804
18477
15484
16878
18637
17419
18221
17747
17372
28694
19566
17536
17481
19212
15604
15190
13435
13517
13355
14222
14712
19966
17099
18134
19482
17326
17837
17580
15931
15529
15548
20042
14885
16734
17625
16046
15430
15581
17632
20201
18083
16126
22067
18478
16552
14381
16484
17105
15349
28721
18117
16754
19848
16245
17589
14631
14720
14470
29674
18012
17578
17413
23436
18292
12282
14115
16384
15959
17015
16821
16365
16206
29725
14896
15417
20512
15573
16457
15768
16290
14690
24313
22949
14535
16069
13346
15068
20492
22805
13563
14745
18812
20773
12983
13165
16210
30723
15584
15612
17411
14579
28227
17595
28955
16231
23048
29954
22563
21288
21800
29541
20668
17371
17380
18774
26047
24985
18924
13231
14824
18807
15255
14965
17991
17019
15297
16607
15185
23229
21919
14453
12857
12430
19718
13692
15564
15587
16060
16811
13557
12377
19595
18588
24910
22699
16362
14591
16247
16793
16473
15637
13771
13865
18773
15807
15082
18530
20694
13210
12981
18243
16147
13603
16730
16917
15483
14916
15395
15639
16112
16429
14855
16062
14386
14926
16425
16649
15606
15132
14789
16513
14217
12830
12542
21930
15804
17833
16460
14804
14421
16690
17180
16005
14808
19728
15444
15699
14738
15494
15963
15595
15179
22856
21913
14479
16539
15053
15547
15125
22270
22147
15232
14472
12210
14984
18080
23002
15894
16379
13921
12419
18590
19113
16710
14482
15440
15128
14050
13982
14234
13879
22579
14119
17851
15722
14682
13899
17670
16021
15269
14479
16482
22804
22066
15416
17005
15615
15433
16212
15587
15180
14645
17834
15556
14507
16036
16226
15091
14927
16095
20122
13770
17688
22749
15092
29783
17210
16525
16057
15691
16066
15710
14910
15709
20041
22965
25600
25672
27645
18910
32079
19179
22660
22962
17441
20492
17620
23217
19100
18047
17537
20868
17649
26101
21023
20815
18035
13629
24097
21474
21946
20995
21725
21202
17397
16070
12814
12577
19522
22635
27360
25377
23853
19706
19399
22565
19285
19218
21024
21309
22786
19599
19185
23051
18867
18154
21095
19056
19037
20160
19508
20483
20448
19525
21774
23738
19199
19829
21368
19239
19301
21283
17580
19169
18254
19183
17084
18755
16635
18816
17151
19001
17700
23096
17188
20619
20493
20628
19037
19260
25685
19598
18668
16481
13057
16174
18849
14688
15589
14271
13816
15744
20444
14197
17308
30970
19021
21798
21546
17717
21456
17557
18778
20163
19002
20580
19105
18356
20984
17246
19039
20053
18888
17863
20753
18225
18919
18246
18843
21429
19002
18279
21182
16750
18814
19926
20281
20256
21069
17035
18884
20176
46170
21635
17315
20585
21531
17309
14203
14790
20652
20433
22062
17453
19028
22277
18980
18056
22586
19370
18932
22411
18625
18439
22762
17174
19751
20761
18951
19141
21123
18460
26293
19386
19345
17095
19423
18746
19014
20005
18813
17510
18920
18081
19016
18863
18839
17305
19018
18165
18795
19910
18963
18395
20735
20417
18929
26171
19473
17584
23357
17520
19086
22059
18280
19852
21094
17205
18852
19918
19177
19347
20209
23258
20966
22196
20983
20935
22076
20866
19797
21666
17415
18843
20383
18329
18648
22770
17293
18694
22561
20184
17029
22822
17386
19392
20774
19013
18500
22817
17143
19050
20485
18756
18060
22865
17503
18105
18439
19181
17522
23149
17035
19301
23271
18561
23188
22348
20228
21752
22526
20173
20618
22327
19666
17606
20816
17240
18148
21465
18299
22835
22674
21371
22356
22457
19833
20417
20825
19674
17227
21088
17296
21068
21370
18950
17506
20690
17606
91000
17966
26676
37965
40468
30372
24784
30167
24978
21585
22930
21903
19931
22035
19410
20803
22871
17623
20973
24806
20104
20419
19452
26840
17354
16961
28503
20672
22556
20242
15405
12871
14055
20960
21051
19856
17223
19598
17535
19333
20519
28886
18289
21288
19557
20095
20736
22024
19881
19393
19641
17945
17438
17327
27753
26400
23486
19899
20972
20175
19929
19576
17540
18606
27429
26641
27178
25394
194354
24991
19756
19670
18352
16619
17139
17090
17618
17758
17494
17752
17477
17507
18131
17497
16482
17249
17018
321038
23069
27502
26284
25250
19882
22521
21445
18391
17477
18863
19261
17654
17472
17590
16650
17295
14521
30337
19963
24352
18026
18358
17438
17565
17685
17785
17619
17260
17206
17718
17125
17109
18606
17413
16296
16328
16179
16444
20840
19208
19540
18929
19183
17017
26854
18863
22215
16242
19338
19391
18771
22665
19072
14926
19269
19627
18569
22359
16933
13299
19436
27674
18573
20545
17132
18931
17044
16844
18204
22112
16835
18097
21951
14775
18816
19163
18183
22140
18170
14767
18904
18718
17257
17731
20756
14721
17398
21180
20871
17776
15520
20999
13635
18816
16516
16074
17565
15845
16625
15038
19018
16641
16250
17019
16388
15920
14556
18377
23702
16177
17808
16969
17313
17009
17162
16932
16891
17037
16763
17206
17210
16796
16869
18104
17030
17048
16868
18598
18018
15631
20761
14448
18350
15830
14850
16840
19541
28904
18920
17722
16015
15927
15812
17357
15477
16784
14701
19296
16498
16304
16937
16480
15551
15944
17160
16342
15586
14630
19490
16211
16039
16009
14682
17818
18073
18181
15501
15650
16029
16571
18578
19736
16188
17214
17803
16032
20054
17053
16872
17016
16463
17372
16223
16802
16452
18979
16640
18154
17884
16459
17155
17073
17025
19060
16657
18516
15912
20190
17055
17093
16828
16406
17380
18007
18066
18294
16754
24656
17109
37752
15491
16548
15948
17598
15270
16281
16625
16069
15416
15811
17214
16450
16292
14760
20063
16265
16005
15976
15563
17207
17181
17114
16409
15292
15793
17659
15365
19158
16143
15905
17034
17099
27867
21675
15755
16947
13867
19362
17068
19783
16679
15956
14363
16152
17888
25370
18425
16401
18213
25538
17363
15276
21039
25491
21474
18479
19891
27321
19496
24282
16442
21405
25524
18378
17209
20927
17303
17433
20648
18857
17428
19669
22205
18343
15382
15145
20653
14580
16731
21793
18042
13881
19484
17074
15838
15707
17719
21795
17915
12732
17164
16750
17841
17270
15175
16121
16751
21842
15218
15718
16684
15919
15744
15790
17147
16097
15870
15360
17973
15958
16361
14339
19486
17551
16901
16211
21779
18226
15382
14261
13506
13124
16092
18699
19790
17402
21527
24327
23761
22167
20983
22784
19303
20665
23211
20844
27552
28399
18801
20506
18561
19539
22820
21274
18755
21662
17096
20561
43950
25234
25376
24660
23770
26262
18940
16234
12364
11826
17570
21445
23306
16711
20529
14626
12430
12473
12191
14042
14650
14147
18155
22603
15078
14713
15786
14124
20680
18695
15037
13791
12945
12402
21819
12247
15097
14655
15349
14870
13379
14676
14348
14661
15595
13790
15705
13975
14367
12853
15697
19869
12424
15954
15865
20370
17309
11745
17691
14219
14099
12911
15816
13510
14160
13106
15875
13364
14064
14328
16325
14079
14181
13072
15771
13399
14321
13145
15773
13427
13966
12997
15770
13388
14075
12849
15973
13268
14212
13161
24656
13669
13884
12948
15853
13559
13994
13170
15896
13480
13967
12918
15803
13538
14065
13007
15708
13427
13879
13073
15842
13400
14096
12993
15709
13505
13984
12993
15904
13450
13969
13124
16322
13977
14462
13280
15827
13476
14073
12984
15725
13385
13851
12986
15966
13366
14128
12934
15903
13478
14068
13063
16249
13941
14222
13326
15660
13378
13851
13014
16074
13305
14052
13206
15821
13389
14025
12911
15688
13535
14013
12922
15836
13227
13905
12850
15831
13547
13990
12968
15707
13420
13969
12878
16293
16450
14477
13064
15565
14622
20881
17303
15068
14543
13273
15501
15341
13920
15173
23218
19094
16127
13802
15384
23688
18150
13834
16073
16612
18444
18192
24365
21909
17057
15795
17851
13923
21859
21255
16422
15843
15361
19627
14068
15174
17542
15022
14613
15958
18318
14479
15869
14366
17099
14230
15673
14128
16941
14225
15558
15113
16144
16582
16915
16308
14205
23014
22169
17386
13954
15496
16816
18536
16849
14518
15765
15650
15819
14392
15663
15729
15664
14269
15666
15744
15778
14156
15493
15806
15823
17448
15809
15762
15927
14497
15466
15734
15562
15234
14776
18067
14936
14638
14845
18215
13669
14595
13348
13624
11871
12219
13352
15727
12855
17197
16440
20725
18072
13057
14995
16622
13100
14779
13343
14782
20704
17638
11231
16037
13816
12922
13755
16503
14746
13875
12736
16263
13069
13088
12692
13268
12932
12914
12728
14064
12808
13111
12736
13460
12775
14422
15015
15119
13274
12866
14106
17759
13940
13128
12976
15264
12974
13147
12968
12762
13009
13715
12890
13081
13184
12987
12883
12828
13107
12916
14813
16141
13059
13042
12944
12540
12988
13092
12895
12561
13012
13022
12906
12719
13212
13082
13041
12688
12943
13171
12816
12495
12919
13735
13057
13258
12841
13127
13070
12733
13047
13039
13036
12572
13108
20778
17668
13866
16649
18187
13890
15519
26075
19945
14053
13388
19839
13596
29148
11466
13843
13393
17052
19760
12624
14937
15823
13821
19743
17567
14559
14047
15069
14047
14877
20859
20103
15085
14860
15291
14915
13128
18074
15978
15444
15313
13438
16389
15224
15010
15817
15099
16789
14141
15591
19020
17038
13625
14531
15428
17455
13615
16548
15087
18680
17678
15011
18480
24595
16305
15472
14553
12975
13559
16948
15468
13322
16430
16530
14465
15745
14353
16214
13078
13505
16429
21488
15319
17092
29476
16979
14464
18184
14335
14734
15695
14846
16543
18105
16535
13706
19907
17818
13515
16094
14580
16466
28806
19893
18230
17678
15514
15439
13138
17153
16543
15512
15998
13507
14313
14563
17780
14595
15082
13287
18064
16152
14803
16067
13589
16067
15875
19217
13029
16208
14750
23279
18885
13131
13040
16279
12686
15217
16780
27239
14655
15692
18551
19265
13287
12733
14054
12201
12384
14488
18572
15357
16360
26960
18602
17027
16562
16209
16146
16295
15422
16256
15300
16213
14635
13564
22721
15024
12747
12183
12149
14657
20134
32352
18410
20123
19049
17594
28493
19594
18466
17920
14725
16214
13642
13406
14616
12503
13151
13007
13238
12627
11612
14700
28467
19824
15393
17774
26830
26665
24834
25887
17566
15071
24295
18744
17126
16357
17254
16813
15456
24937
16783
16833
13932
15761
13325
12939
19253
17472
21562
15289
15952
14702
15210
15305
15975
13880
14809
12640
14854
13454
13119
14461
19911
17936
15069
16492
20245
12871
12156
15008
14027
14915
13685
14359
19306
16074
15596
17852
13483
15549
22727
21973
18031
12152
14479
20171
17948
13339
15508
15296
13148
19900
12089
18691
14176
13686
21846
15724
17662
14004
16155
16716
14066
15144
15492
15821
14535
14552
21883
22002
13265
14927
17156
13844
16542
16333
18973
17941
16963
15003
17166
14036
14584
15206
19172
17915
16560
15478
15554
15135
13012
19806
15226
17799
16237
20247
18465
13545
20106
14861
15637
19398
16897
17104
13722
12485
19088
14726
16505
14046
19100
28510
22558
16833
19466
13072
16225
22059
17550
20627
23729
21667
20925
22934
20755
23937
21906
21083
21045
24185
21447
20706
21211
20463
17732
21654
18477
19321
19484
19086
21640
23072
20420
20870
22502
20330
18650
22234
17557
19857
23282
20927
18942
22046
16749
21886
24915
21063
20879
22363
20387
18525
21109
17516
18975
22829
22498
18512
20924
17612
18993
18351
18921
17684
20425
17109
18969
19525
23244
16749
21083
18990
18094
71943
26179
32176
30477
34660
24305
24495
20946
23727
26467
25545
25068
23036
22831
22833
22768
20223
21655
22115
24520
21435
20103
18017
22667
18025
21426
23895
21295
19467
21224
18250
19171
23835
30597
22026
25656
22113
21061
25916
23016
25125
19121
20587
17609
19097
23569
21436
21339
21552
20595
19287
22982
18209
19028
23513
21537
21208
22884
20500
21015
22602
20276
21136
22406
24835
23396
28825
23194
32574
18271
20787
21966
23482
21620
20746
21115
18743
17918
21056
17704
24343
68330
27060
17963
18198
29283
23336
23924
23249
28669
22488
18388
20492
16949
17650
16103
18699
14113
39195
17852
20792
18029
17786
20185
15077
15769
19155
32753
14783
20376
18458
14320
20019
18503
18721
18498
20516
15706
18576
14953
16873
16143
15932
17558
27559
18740
21135
15629
16090
16292
18518
13340
17083
16882
15627
16519
17697
15347
26728
22069
13760
12416
12165
16253
17116
18658
17710
17053
15635
19478
18007
18028
19475
15708
15970
16398
17494
15745
17936
16664
18202
20426
15791
20087
17985
23493
16491
18156
16741
17862
15691
17536
18368
15462
17229
18950
14746
14852
16331
59196
19632
17210
18290
17780
13331
26797
18669
17502
21325
19017
14589
15429
16274
14797
12702
18616
18181
19124
20468
16563
17322
27056
17460
20746
20386
25682
18583
17128
14351
13443
13317
16724
16094
16579
16245
14578
15956
18215
14155
15452
23164
14558
15462
12490
16522
16655
21603
17218
12980
15368
17640
21491
19342
18909
14720
14749
13466
17608
16598
40130
18296
21325
17820
17942
20738
16400
17476
12798
17004
16142
20537
14017
17919
14063
15870
14228
15586
16448
15447
15654
14456
18355
16941
16153
14063
15608
14023
14409
17248
15020
15652
20011
16413
14307
27371
21955
19943
16553
15489
16905
14094
17231
17745
14186
14768
15410
18455
13950
15090
13622
18246
15747
13932
17119
18415
14152
16882
17262
13979
16969
18483
17098
15132
15194
15068
15175
15344
14093
18535
16388
15357
15407
18042
17291
16742
18052
15272
15088
16017
15526
17825
14125
16283
15831
15856
17995
16837
15729
16580
16516
18718
16514
25402
23640
14718
19525
26643
22016
20975
18703
16975
16904
20234
14302
15972
33489
19102
16899
14436
15353
18520
14844
16516
17062
15655
14695
14046
17644
14308
13622
16611
20298
14534
16028
18672
18555
13680
12171
12328
18386
16823
16579
13867
17602
17461
16212
14297
17079
16878
14874
17594
14292
13472
21865
17331
14659
18604
14829
17192
19714
17761
13464
16405
12714
17627
13912
17745
13512
14681
12598
16592
15504
19332
18188
16567
16897
14186
18501
13079
14682
18919
15265
16892
16929
17125
18448
17173
15987
15095
12986
16288
18776
16548
13604
17838
16602
14777
16495
18545
14032
16500
17062
14104
16366
16442
17281
15942
20701
19817
17081
16702
20127
14930
18332
21150
15166
17949
25196
16214
17400
22980
15277
19209
23523
19235
15220
18454
15949
16499
23265
17916
17147
16704
18261
17740
17044
16625
19520
17964
16982
17998
17069
16293
16002
19784
14078
16767
17492
16676
15142
13091
19341
15356
14619
18289
14241
16903
17018
14907
14691
19098
22269
15125
16194
18926
16660
15603
14530
13505
16549
19509
23282
17572
17201
15676
20503
13708
13194
11724
14081
12334
12793
16655
18558
14139
16502
17611
22207
16840
18086
14329
16496
15695
17742
13797
12413
11887
14747
16015
39075
27477
22317
19222
16320
20506
14321
17844
28345
17453
15074
17006
15781
15165
16462
14606
17752
18578
15903
15546
22346
22742
13854
12756
23142
18670
18324
16762
17096
27092
28413
25290
19625
17181
18766
26906
26981
17783
19798
15468
15612
13498
15792
22119
18000
16886
19005
18637
16789
17182
17313
23021
16454
16726
29598
18530
16624
18825
19420
17252
19181
19267
17267
15423
16682
17924
19014
27515
26913
19176
18846
15621
16185
16582
19208
16599
17537
17391
22690
17375
17502
16407
19059
18653
15280
17309
17358
20297
21261
18739
18103
17788
17197
14821
13972
17834
18691
18521
17946
18147
18888
15485
17348
19713
26508
29183
25812
20003
16238
17484
18076
27518
18277
19860
16463
18428
15569
15535
13476
13020
13553
13563
13385
15553
18870
16692
30293
25149
16010
26870
19415
16832
16297
14674
18350
31033
15336
20112
18321
17445
28552
21532
17913
17228
18197
15386
20403
13533
13704
14267
18699
17469
18213
15622
17099
17613
36646
14189
34512
31946
14246
30234
19153
19239
28694
20430
17853
16190
20306
32869
17999
18506
17245
17029
14378
32759
18511
17476
16303
16079
15929
21586
15931
16267
16825
16049
15530
15976
17087
16027
17183
17821
28077
26799
19280
16694
16872
17008
16238
16875
15971
14922
19972
13035
18977
15650
16553
24388
17611
17429
19790
17469
15611
16097
14237
17423
27433
19635
17367
15842
20556
101094
21393
15220
14864
24800
15319
15600
15994
15476
26077
20351
17335
16057
16753
24323
25402
21330
16846
27408
15515
14029
13869
13199
14404
15928
16544
17503
17001
15412
14098
21871
20234
24384
16730
17362
28163
18054
17761
17629
26753
26570
19866
15788
16561
28990
19017
17642
19624
27981
71485
22081
22435
23099
18367
18626
19566
16571
14416
15564
15399
15539
28429
22530
14754
13905
15417
18162
16657
14221
14819
17798
16061
19294
22723
52847
46423
46378
43183
46459
51805
24244
15384
13980
23106
21803
14779
13555
12360
15266
12670
13310
13823
19128
16805
15798
21344
16462
14464
15549
15284
15057
16837
16694
17249
14260
15568
13982
16526
15895
15030
17033
16230
15419
14086
15584
15283
15552
15737
15488
15098
15575
15438
22941
22038
14966
15678
16840
14547
14234
13243
12943
20768
14923
14047
15328
14068
13641
19097
15807
15821
13953
13857
15509
15298
13124
13738
14310
14005
13256
13648
14313
14042
13155
13596
15184
14243
13322
14331
15175
13770
13060
13708
12966
13705
12996
13807
15057
14006
13253
13810
15139
13992
13114
13907
13062
15112
14962
20883
23058
13084
14754
19587
14574
14825
22291
14767
16556
14976
14013
13806
13733
13593
21869
13325
16802
14591
22333
17785
14346
13818
13593
18845
15410
15496
13958
14161
15716
12919
12504
19266
15719
13000
14133
15327
14519
14289
22073
15231
16432
14686
13295
13847
15067
14005
13052
13788
13191
13847
13264
13577
14185
13958
14158
19939
17653
11833
15578
14789
25333
18167
12778
12268
18729
16575
15962
13838
23180
13142
12242
13127
17054
19348
17671
15807
13812
16220
14830
23716
14316
14600
15096
17408
14459
13618
13616
19743
14119
13691
13578
15209
13959
13658
13476
15004
13965
13572
13415
15580
13729
13684
13077
13931
13605
13484
13215
15206
13861
13729
13286
19765
19044
14336
14568
18745
13584
15353
14252
19655
15795
14829
15245
19117
18282
14115
15017
16285
14196
18779
13996
18144
15048
15677
15572
16224
13932
13801
13341
15449
13828
13647
13257
14764
13750
13623
13324
15373
13745
13625
13298
14816
13748
13581
13636
15623
15457
14092
13641
15245
15490
13904
13345
15161
13821
13867
13319
16583
13903
16342
14710
15109
19044
18161
14169
16958
19895
14293
14293
18928
14831
14668
20290
15752
15407
15808
14769
16307
14096
14413
19785
14592
14712
19240
12807
16698
14690
13672
13579
14458
19829
17902
12193
17045
13856
19632
17522
13872
14699
19497
13418
16817
14392
16150
14787
15486
13882
13633
13236
15151
13719
13651
13316
15399
13680
13602
13554
14153
13587
13784
13388
15429
13778
13452
13204
14040
13807
13559
13390
15575
13695
13546
13326
14236
13725
13679
13194
15430
13677
13562
13539
15015
13835
13503
13407
15405
13871
17068
13670
15154
13877
13622
13328
13755
13499
13510
13258
15159
13925
23905
16978
18133
15082
14155
14078
13671
13977
14052
14003
13656
15855
14003
13915
13753
15198
14065
13763
13443
14974
13520
13590
13217
14743
13598
16787
13485
15654
13463
14424
114825
44989
23172
58345
25526
29801
67095
22314
21683
30320
18890
21838
22542
17919
18299
17595
18326
17051
18313
18546
21072
17494
20018
22210
19566
21071
18553
21313
18690
18505
17304
18459
17449
17746
16903
18435
17000
20176
17746
18960
18965
20130
19179
29658
19623
25628
23783
21481
23877
21355
21706
24429
21824
22511
25447
19829
21218
21421
22111
18966
24546
18488
21191
23037
20352
21466
22303
21035
20045
22693
19645
19853
22189
20476
19607
22880
20357
19787
21338
18705
19237
21689
19809
19853
21942
19836
19384
21120
19589
19662
21539
19489
31106
25841
25141
21142
23701
23368
21913
17736
19083
20735
16327
14554
18106
17989
17147
17346
16093
18420
16562
19152
15063
17908
16383
17358
17903
16910
17594
21618
16340
17803
19911
18250
17404
16872
18023
16613
28073
16111
15018
15436
26404
19697
19350
17997
19419
17602
18429
15347
17430
15942
17699
15715
17143
15393
19422
16134
17110
15668
17107
16013
18071
16119
17930
15248
18923
15734
17112
15099
17029
15707
17444
18395
17253
15727
18012
16346
16918
15253
19573
15730
17165
15504
17243
16148
17336
17236
17518
15490
17801
15796
16879
15831
18726
15872
17809
15326
17158
15915
17281
17327
17109
15640
18274
15826
16901
15519
18696
15916
16877
15103
17827
15933
17693
17593
50680
20747
23705
21824
18519
27517
23140
24018
17259
14062
18025
18923
15380
16229
13061
16999
20411
18042
11388
17339
13847
13982
14402
18108
13625
17679
16658
13603
15350
14715
18618
13631
17562
16189
18870
16757
17807
17057
14298
17775
16841
13533
15299
13574
18046
18745
17706
16807
18528
16698
16825
15898
17540
13586
15148
14681
17024
13292
17588
16944
15067
