47898
19703
111857
78668
18886
19456
23768
18901
24202
19646
21829
19468
24884
20208
18361
15600
15758
57724
100564
106386
99325
98355
67200
72647
71622
25572
24701
23280
13321
17879
26516
20473
23092
19481
13616
16898
28029
24523
31420
18945
24514
32198
17828
21188
20661
18435
15766
24610
19108
16258
25368
19490
15844
15094
18673
16538
22931
19290
15556
16153
29915
16479
15878
17268
16611
14586
14106
15425
15161
15679
21882
19270
13367
14782
14551
17053
29363
15966
16828
27615
19712
15309
14918
13990
13283
13728
17652
16913
15389
27604
18650
17803
28533
16523
13548
22972
17109
21459
19882
15339
17070
17893
13581
17898
28988
16756
13507
25759
19624
14828
17745
14804
12449
19369
26664
19932
15283
22576
15629
14883
22113
18991
12953
16892
17366
16561
14802
14983
21351
18838
13058
16111
23002
18900
14036
16080
15101
17181
16318
15321
14097
20831
13107
14464
15301
13115
12482
22376
17706
15052
14992
13580
16709
23069
18773
13392
13041
12547
17641
22322
13245
16870
20980
24641
20911
19503
15863
20546
18617
27139
18824
20627
15844
20609
20574
24963
21963
17433
16496
20966
16610
28911
15058
17497
18898
15141
21165
24812
17383
25730
19952
15949
16741
16073
24460
19933
16584
18641
29062
15697
19475
19345
16099
19618
23444
16966
19852
16532
19404
24884
20672
18389
19780
31334
14611
22058
20819
20170
20464
19734
26381
19395
19961
24961
22306
18602
20796
20695
24146
18900
16655
20050
26207
21630
18101
19408
17159
17111
15449
26609
16541
22070
20551
17176
20300
20736
18490
21785
36168
15179
19025
21452
15716
17552
22340
14254
19574
23628
23901
19332
16759
25002
19512
20832
18965
24871
21577
18351
26133
19645
19396
20064
19540
24109
19080
17624
24298
19990
21208
22916
18974
18479
17488
21821
19487
18360
20586
23962
19160
16663
22006
17998
19123
22066
19728
23869
19335
16922
19049
26302
19785
17527
22169
19735
24229
19355
17344
20823
26030
19718
16206
23305
19590
15555
19132
24909
19708
24111
20178
19450
20474
24168
19143
19217
20613
19334
24808
19349
17483
21425
19657
22278
24669
18319
18695
21982
17658
19946
25105
20633
18421
22416
19927
23555
20291
16013
18849
25110
19816
18718
25701
20456
18088
24135
16037
25184
19349
18979
19754
17298
18783
20600
22644
16690
25068
20432
19623
17004
24818
19768
19051
19916
18979
20036
16570
21189
20395
19473
19633
19565
19023
58486
27192
22725
19851
21908
19581
19903
24460
20727
18720
22803
23120
21584
19377
26781
26246
21482
23842
15082
19909
19753
28927
18366
27496
15701
19271
21391
17961
19039
28402
28698
17822
19319
21588
15688
14539
22795
19433
16941
16609
18047
15961
24239
18885
15057
17417
26554
19900
14219
17280
14890
21626
18842
16501
16164
20234
21333
18886
14968
25517
21457
29388
24299
19578
21326
21197
21847
22300
17924
19909
24047
19456
19149
22135
21016
19072
25829
21267
25845
21114
21653
22689
19702
19669
20434
25008
19334
20202
19598
19663
30204
20461
24366
19006
21094
21963
24131
24607
19128
21119
21090
24751
19424
17936
18928
29181
21527
18529
29129
18467
21486
22423
18221
30426
19364
18655
25214
16688
22212
22532
31533
31277
16756
33034
16653
19986
16751
13471
28316
22916
19679
33013
22933
23186
25278
25593
19319
20302
20200
18208
28900
19609
19022
17893
27711
20319
22191
33370
19237
20637
17691
17425
15244
17544
19008
18892
18065
22353
20619
28325
17361
26673
17579
18527
28442
29009
21010
21001
28553
22555
21271
19763
22127
19605
24273
22969
21927
29868
17219
19204
18759
28771
22128
21076
27383
19945
19786
20541
18000
17640
29095
21169
21261
21051
23960
22864
22404
19615
20138
26949
19942
19816
27238
20510
21482
23767
18620
14244
15844
18196
22839
14684
17193
19511
18838
17869
18218
29337
20160
28213
23416
20658
18780
19498
27502
22846
21605
16425
17377
18167
26411
21679
23375
20340
19198
18998
18002
17681
17750
26358
21268
18090
13882
14702
23346
22738
23184
17429
22675
20634
18674
20028
18210
17301
17845
26482
19494
19908
17129
20302
25282
21561
18722
19231
22406
21088
20748
18636
28523
22223
22391
18860
20209
16686
26362
26096
21513
19592
27305
20026
17280
18613
17860
19523
27638
19796
18623
18062
18826
27103
19526
17597
16780
15697
20739
20366
21466
18557
16542
28714
18629
18178
19638
30670
18200
20542
20469
16621
27743
20423
19597
16334
26365
20218
28338
21033
23268
22992
18764
26870
19297
18341
17775
19367
27230
19609
21572
18957
17722
20305
18269
27097
18352
20509
23359
19573
19363
20403
18900
18237
26783
19955
21772
18687
18225
20200
20092
26804
17505
22967
23051
19701
22061
17781
30716
18299
18277
16084
18493
17531
28064
22117
23615
18763
19967
19841
17588
24086
22903
17936
29221
20008
20587
21890
23995
22228
21940
20330
19213
23666
21813
20689
22357
19347
18567
20498
18241
16953
17332
16278
16955
16109
21741
26683
19525
19879
17590
32135
35542
16025
19699
20353
17112
39274
17400
13641
36317
16079
25569
26651
25824
22428
29918
19933
15803
16915
17147
26407
20614
21970
29003
26082
21278
24692
22386
18869
19271
18226
28400
19122
22860
28127
23474
20366
26875
27960
23887
18362
30501
24033
22130
25324
19039
20362
20656
19362
19204
33037
18364
22156
18621
32825
22619
21261
19684
19101
27280
18642
20518
30727
16754
19767
28253
21582
17506
29037
19902
19858
29510
15906
15359
16797
21438
22235
20394
18429
27906
18650
18814
28487
19408
17621
19011
16020
17772
16167
19485
17671
18703
24909
22895
23317
19353
20561
24551
24105
20020
17904
18029
21222
24116
23006
20359
28419
21290
21552
18449
14817
13880
15148
17114
20402
18020
19056
21016
27141
20197
14782
16779
20384
30021
20747
15075
12466
12196
22291
22068
20365
28959
24891
17241
20301
22586
19085
14805
19801
17946
24910
24702
19405
21746
17797
18949
25506
20024
21449
21095
18479
16101
27542
20012
21372
20266
19789
21684
24838
23879
20221
18503
18746
16423
18340
16476
21844
21807
19275
16572
25083
18061
18671
17995
19696
18924
25246
23020
19655
18227
27951
20703
23048
18948
16934
24239
24761
19724
29201
22462
20955
17784
22403
25006
17783
17084
15872
27799
20520
26251
20231
18802
15963
13068
21453
14017
17794
15146
13487
14631
18132
16779
15300
15803
18060
25786
20429
16681
15641
29100
17280
17858
20172
23516
21803
24402
24585
18108
19575
16775
18439
16546
19678
16652
27980
22634
22995
18853
22555
18399
18782
25438
13650
22774
23799
40017
19900
28925
22232
30807
17196
21180
26783
15952
12266
12659
16794
26626
20798
16558
16283
14124
16354
15495
14242
17622
30402
17804
16896
28231
15883
28969
16339
15983
19725
24463
16008
15218
17156
15165
25024
16841
13653
12380
12288
15339
23210
21884
22419
22427
20768
20425
19216
16762
28278
20553
20784
18866
26320
19027
18871
18380
19765
18447
16819
18956
21224
23951
22684
30403
20584
21601
18479
15601
22399
17907
16363
19327
29339
29203
21573
22249
19848
19723
21182
24153
21275
30147
21433
20350
20365
16709
23477
22177
18189
19794
28105
23695
20473
26277
18975
28059
20872
17775
28625
20410
20523
18676
25708
18676
21759
19938
22361
17187
19371
18603
14476
14401
17170
24941
22962
19785
17636
17772
20243
25806
19141
19232
17726
18549
15867
19269
16274
15155
17447
19432
16563
18361
24720
23456
19504
17345
22126
23029
16327
18235
27513
27391
19632
20929
28210
21582
16160
20960
15033
19499
17476
18766
25492
21926
25307
20748
18197
19960
16711
27778
20052
19440
20200
19591
27642
26954
22118
18277
17350
17698
17237
20284
25868
19134
28221
22109
20693
25455
22502
27748
20929
25977
19457
17700
19609
16332
21681
16949
28259
22474
18420
21508
16914
19263
31774
18825
19338
22564
23210
19015
18107
19352
24549
30111
21655
21477
16830
17929
28645
22210
18943
29808
18749
32658
18261
18972
20513
19883
31538
17369
33635
20772
20945
19869
25463
21841
18951
20678
20617
29046
18504
29655
23610
21235
24341
26570
23023
22542
22419
22588
24015
24640
31167
19288
16321
30318
19347
15187
16445
313347
21143
16901
28350
28301
26700
26527
28914
27474
30626
27289
22738
18876
27185
29755
16589
13880
17940
18678
15681
15453
25400
23380
17431
28512
15237
17484
18403
29111
28115
27711
28324
28042
28367
27664
28032
14827
14337
16632
23887
25478
17115
14082
13931
27906
20441
21739
28668
22851
29699
21155
25834
30166
21627
23367
23781
23742
28543
20603
19906
19031
18429
18254
26857
33459
17203
21094
16629
19134
15430
18140
19135
21150
20505
27864
26421
26230
26603
26247
26632
28582
27233
26999
28114
27583
29307
27243
28061
27124
27728
27502
27339
34870
23635
16730
17894
23139
24621
22187
21738
18419
32944
19374
19631
25098
21638
28267
23288
22868
30108
29096
31640
28776
29683
16498
29086
30675
19175
22222
19208
29869
21829
22965
19901
19109
18815
19350
20432
30339
18500
18574
18807
16582
33893
18788
18985
28397
19542
22808
19991
29057
29785
28698
33944
29055
29070
28977
28668
18119
300382
26574
19745
16131
28259
17025
19610
16313
18122
14395
21724
18717
18046
14909
25795
79936
48484
44919
20339
18855
19812
20215
19366
19961
24630
19338
17278
37556
24698
22298
25017
23435
27253
13626
22523
22874
20227
23442
31822
17478
33651
22683
15873
31271
20132
16399
31509
14142
21759
43129
35116
45676
31785
43588
25524
34977
17099
25819
37672
33981
37570
29730
34893
23807
20249
24183
59192
35532
36802
29160
25645
21008
29096
26614
28717
26167
34546
25986
23978
30695
23833
19521
17909
17570
17770
26275
22604
20102
21691
24552
19906
20521
19400
19006
32413
18043
22207
18644
18802
20214
17050
19715
19040
25318
20180
19591
15929
23045
19272
22746
21860
21398
28298
20179
18556
23849
17969
34075
20803
22322
18881
23544
32385
17131
19382
21829
20293
22389
25606
21194
23420
22387
22283
21519
19727
22310
20371
24520
19446
20646
23176
19270
22223
32550
17953
27028
21959
24830
20096
21597
18830
24177
18821
28058
23364
31486
21033
20674
30610
19812
22943
21909
23076
19475
25381
22968
16360
20623
17996
23717
18611
19685
16913
16370
18948
30434
19257
18584
16464
15726
20349
17189
23352
18814
15488
17249
16422
18696
27713
15188
15031
14844
15647
17655
17461
17063
32743
23462
21863
16030
20550
17137
16170
23486
21881
26292
107613
22862
19210
16926
32141
16241
26237
24365
22810
25478
113038
45095
27498
31404
36812
25989
21761
15484
21601
25238
22585
25308
25152
19705
20720
21192
21787
21794
22356
18711
17252
34296
22477
21666
20373
19455
19304
17555
19608
20644
22154
22782
22384
22554
20427
25958
21644
19376
18494
21051
21998
25764
19745
32261
21228
19691
20310
25880
18618
16521
29264
18848
19179
17480
30792
19170
20655
21695
26121
23240
29873
18568
22693
25637
22577
20280
20292
22446
19713
20905
21322
19758
17485
30360
18844
23318
21916
17970
20014
22824
24302
21998
22403
21970
20281
21602
25004
18656
28709
19166
19326
18696
20317
29405
21431
22859
20856
22331
19950
16572
25561
21693
20296
20783
19492
20185
17536
21843
18754
19384
17964
18217
19762
29041
20232
19483
47185
30750
21074
20311
29246
23110
17426
29352
21932
21549
28244
21592
22893
18952
19563
21690
20647
18787
19874
20132
30086
18607
23216
20623
19883
22229
18552
18604
26572
17178
18625
24997
25088
21022
30525
28360
28944
23465
33391
22090
30661
18996
28944
22508
21768
21287
20798
20363
17296
19361
21395
20519
20360
20330
21081
23621
18822
17879
21310
23658
23649
26123
20264
24385
18738
22678
20981
19693
22928
23726
18962
19620
19583
24572
19358
18509
22960
22102
26841
20205
22812
19994
21406
22536
20396
20764
24022
19131
19846
22484
22880
20223
24164
19232
19438
23764
18775
17342
21745
18641
18328
20734
18908
17419
19425
20960
23425
18722
20204
23612
25509
23240
21723
17094
19869
22517
20767
20315
24468
19054
19326
24237
19143
18423
24931
20153
22014
25268
18623
20035
18664
29818
20610
19250
26552
22487
27429
23809
19145
20809
20757
19616
22219
24134
19488
19748
20767
23519
32800
23931
23031
23277
23186
17221
20274
25552
21731
20954
28015
43274
28334
21623
25944
18187
19604
20764
18482
22251
22477
18653
15981
16913
20757
15468
18243
18801
20453
17261
20767
18630
17761
20954
21965
24277
19364
30640
17234
21550
22081
20652
22311
18503
15461
18925
21748
20004
24812
26593
25148
20907
17922
24507
19915
19500
21387
21378
16481
24588
19621
19788
19937
20604
23452
23573
18330
19106
21432
17667
19026
19501
21982
18651
27414
19989
19418
24075
16799
20475
22868
17520
19428
22513
23613
19035
17641
20291
23017
18465
16829
23715
22372
16406
17424
16720
17473
22211
21348
17041
30314
19258
19926
32307
16366
19873
19561
17197
18671
21922
24440
19951
30254
18392
21759
19046
21274
18462
15140
20052
16561
17787
30646
18140
16569
19217
14313
16820
28738
21254
20882
15063
19727
20238
18525
20994
19106
18670
17827
30448
19520
21753
21360
18157
22501
16131
31638
17381
19773
20326
21127
24655
19185
19625
25359
18995
19217
20556
18273
23644
19142
16314
22751
22408
18709
18925
17051
21649
17896
19783
23039
21110
19395
20254
23299
18484
17095
22560
22564
18475
18688
17756
21708
17980
20214
22349
21115
18060
18801
21297
17928
20652
20699
20242
16853
24087
18980
18673
20437
27269
19589
18835
19746
17388
21424
19814
23334
21653
18968
20515
20547
19298
23544
18578
16944
21021
26683
19465
16396
16163
17802
14731
24977
21980
19826
20674
20416
16670
23239
23018
24107
21673
19895
19474
20691
19398
24829
19427
17359
20490
22490
24611
19110
19017
17871
24676
20637
19176
24266
19112
18977
20287
20700
23883
18569
23266
23909
18862
17457
20714
18227
20391
25484
21593
26000
18511
20684
23506
18615
16297
23755
19727
18716
23820
19878
20983
20063
23998
23504
18697
17743
20115
23122
18708
16811
16700
23118
20366
20714
32670
17360
21072
24015
18666
16893
22601
17767
18710
21410
19417
23603
19122
16791
20560
17891
24723
19682
21236
20016
19552
20449
22962
18900
16949
21846
18422
17716
27177
19310
21141
17984
18638
20714
17546
21346
18073
22972
19508
25106
19382
17679
17052
22415
17248
31360
16569
16896
17138
15473
14950
23698
23324
19834
18018
17048
30896
16033
20789
20766
22238
19453
21126
29768
20166
19088
21572
19792
20438
29138
23622
24280
18683
27371
17796
26964
19146
14640
24500
27108
27300
26991
23304
33249
17079
23873
20140
29301
23936
21606
22423
20475
19015
24011
19071
19878
22291
20834
22181
23673
19899
25888
20352
20828
18604
22242
17076
18851
24201
18679
18897
28115
19749
20116
24139
17604
23577
18307
19134
17483
19326
21681
18314
20988
31825
27129
25066
30933
18054
19127
23477
23512
23804
20786
16514
19133
26127
26440
18454
30692
13945
20570
19889
17403
17921
21638
18355
15037
17265
18434
23764
19498
16490
18795
17063
31085
22754
22434
19315
18659
29050
18963
21655
18270
21687
23956
16768
18077
15894
28591
20993
21103
20051
15268
20536
21479
18958
17710
20202
18087
16413
17199
16206
17969
17971
29199
20022
19522
18181
15767
18193
16317
29950
18430
19638
20814
16067
16999
30147
17898
20121
29781
20101
20881
19801
21715
19523
15376
17510
17428
15643
28573
20988
22315
24198
15584
21122
17270
19377
28119
19942
22321
29074
19873
22849
18248
16421
29909
18113
21403
19550
16117
17673
15809
29017
18523
21299
21045
16477
22000
19607
18479
19060
17486
16308
28821
20684
19962
23827
16771
20768
25942
16089
20118
17687
18695
19524
26203
19773
17697
43837
19403
23538
19650
18213
17809
16127
28597
20703
21198
20765
16186
20782
26473
19607
20476
21811
21373
16835
18770
17678
29894
20232
20328
23637
16995
21036
26279
15931
20253
15451
18644
16993
17469
16453
28717
21058
16666
20400
24614
19762
19211
19967
16548
17915
23705
19489
16608
18888
16100
12609
20731
22596
23758
20740
20969
18783
18234
13685
19692
21391
21932
124378
38849
31239
31960
52548
41172
28157
37669
24296
22158
114536
25104
26079
18864
21902
24935
20071
19001
31343
25441
19349
19417
20594
17847
19792
15861
20509
23163
19972
17263
24173
19367
16127
22256
22035
17372
18096
16771
28309
20386
16961
20780
17739
20426
24833
22498
17583
21771
22797
17041
25708
20076
22071
16808
21335
14721
13561
14755
16748
16702
18419
20263
24851
19573
17487
29320
15086
22128
25998
22257
18649
21967
13409
25467
18825
20214
18138
26448
20277
18073
14752
17155
14777
19318
16740
16217
23965
20313
19906
18827
25823
23195
16507
15500
19008
15639
14000
12642
14697
24880
40664
19540
20305
22042
18434
48267
34223
27098
25857
20843
26361
21355
22323
20940
25739
22303
22763
22062
33165
19261
21816
23379
24836
32613
16226
21248
25798
21066
19170
21498
20572
32984
17936
30527
32255
17919
19542
21928
17824
25763
17610
27219
16389
24852
18303
26930
18462
44632
39634
19227
19326
20167
19895
18285
23983
19272
21378
30156
20372
28297
20105
20927
19516
19457
19035
34864
20706
21614
22533
25988
24175
20834
31326
19089
21324
24985
27434
23488
17352
19293
16475
32253
16833
16752
18996
26723
25285
23265
23545
22180
26701
27446
24247
27484
22274
38850
16837
32709
21325
24044
20015
25177
19708
22817
18693
19357
32079
32291
21574
23530
25149
20071
20152
20239
20195
21692
32185
19423
44529
17751
20283
23084
20497
18575
22690
19261
22243
40686
45303
23217
25026
25893
36250
22036
20197
25499
23289
36241
20436
23918
23878
23497
21894
35222
19788
19181
25958
28649
21407
18470
35433
19175
19003
21462
17625
35524
39331
19545
19014
28353
23578
20002
17492
17674
30534
16304
18020
20133
15371
17598
26026
17937
16061
18601
16099
13442
17449
19594
14670
13768
13908
19132
19980
12485
12358
16764
19904
22499
16495
22837
25156
22850
21514
18099
14448
22684
20415
23409
22214
19606
19890
28546
30611
24219
21066
19792
20468
20228
20044
21122
22727
18749
14555
12462
12746
19363
22702
20710
20547
25905
22806
22785
26344
24658
25390
27435
41862
20562
20859
22716
23572
23116
19985
26809
27895
28225
21414
25813
22551
21480
24430
21972
24602
25180
37463
21049
21948
20736
21190
22925
25805
22788
18010
21539
21784
21568
32249
41721
23442
23455
21278
19934
19673
32722
14067
21741
20646
18500
17514
20066
19896
17222
20364
22291
22041
23039
22741
20612
81420
23323
24615
19669
22692
23819
19486
23629
20547
22331
23863
30758
27463
21504
29502
21818
22798
15124
22874
18049
13891
20764
18893
11773
17109
20273
32272
23076
19979
19130
18654
18594
18954
18464
18379
18770
19628
18654
18716
18738
18973
18391
18366
18528
19064
20914
18852
18898
19174
18573
30476
27341
20151
18727
18919
18453
18873
18605
18803
18559
18939
18591
19029
18666
19058
19521
18458
19089
19177
18219
18654
18545
19089
18470
18646
18296
18673
18290
18727
18542
19095
18516
18416
18484
18995
18344
18481
18395
18979
18467
18301
18576
18710
20440
18919
18466
18424
18599
19396
18439
18767
18165
18730
18751
19103
18702
18451
18172
17984
17545
17525
23753
20555
19351
18770
21783
19224
18949
18653
18296
18670
18266
18682
18699
18499
18999
18589
19035
18836
18492
18848
18824
18370
18769
20957
18623
18547
18479
18324
18532
18445
18658
18596
18416
18718
18290
18483
18628
18368
18678
18509
18316
18391
18326
19295
18772
18655
19039
18751
18267
18424
18511
18417
18690
18960
18744
18397
18457
18570
18597
18380
18419
18745
18967
18512
18897
18959
18716
18432
18305
18435
18931
18813
18411
18488
18490
18436
18528
18625
18723
18801
18373
18397
19160
18722
18348
18806
18634
18693
18679
29842
25219
19827
18920
16851
19233
19784
15971
20597
25928
17098
19846
34000
21013
30502
18231
34303
17452
20401
28094
19100
22874
17647
23604
17700
19068
16652
19011
24826
24640
18793
20198
17339
20223
17967
19126
18526
19241
17759
20524
16370
19114
18510
17748
25985
22055
21295
18867
19723
20119
16600
20680
16770
19005
18954
18685
17977
20638
17062
18820
18961
19415
16480
20675
16736
20000
21006
16186
18127
16930
15345
19312
21360
16778
33763
19157
17821
26243
16363
20308
14863
18349
16502
19363
25439
22189
18840
19940
19015
15758
17636
17238
19893
18018
18846
26426
22533
18287
15990
21537
17314
18740
15203
19819
18189
27641
16779
25031
17956
18903
19549
19608
18943
16865
20101
17153
32884
19409
18242
17649
19871
19525
16114
20623
15120
20409
21623
16829
18964
15043
19905
33112
20104
19098
17253
20512
16154
19061
15150
19172
18531
18802
19002
24139
15493
14679
18942
18115
15639
21935
17102
20261
18642
16113
18645
25000
19708
17439
21886
24287
15947
17059
18457
16413
16709
16766
16633
18638
16849
16599
17416
20166
17724
15432
22202
16578
16601
15710
16850
17760
15363
15154
21866
16286
19523
24451
19582
19440
17819
24560
20694
16398
17428
19656
17921
25043
20901
17281
18810
19314
16253
24293
21627
16264
18336
29467
20421
16861
21266
16529
14940
16989
16416
24857
21070
16378
18188
18646
15356
13368
18282
17135
14556
15294
15549
16578
21981
17021
20107
17121
22529
39765
21395
34609
21876
22274
20527
31770
23890
23795
16964
26855
16776
24342
18654
25111
16490
25642
16695
25608
18619
24344
16362
25911
16648
26939
22970
20604
22868
36197
23070
27494
23107
21617
21164
21237
23186
21315
20546
22852
20409
19296
22664
21691
21213
22836
21060
21113
33779
23015
28639
22800
25502
21800
31837
20595
19595
21387
17765
18551
19596
18549
17650
18534
17948
19416
18423
22103
22054
22892
19784
28710
19364
29266
18585
22932
19547
28132
22260
26096
18002
19303
18717
17122
26725
22690
20579
15337
32234
22582
17007
23244
21387
15513
22171
23278
18914
22653
14946
20730
24946
16234
18702
22245
19591
22197
18932
21158
18932
22539
17627
25176
21198
21260
19474
19851
21619
19338
23188
17584
18008
23637
19466
16244
21648
23631
19349
18743
15860
20911
26341
20200
20926
17955
17794
23043
18614
15228
19814
19774
21991
25230
22892
20551
23295
20207
21435
21932
24929
20695
25462
20120
22381
18463
16716
16791
16507
21455
23858
17195
24007
19436
68160
31936
64307
33416
34371
34226
26246
27304
30896
23314
25019
21912
22669
27454
16589
19921
22052
27849
17805
26824
20063
29389
20602
21258
18892
23071
24105
29143
26747
22253
24930
38383
23653
22675
31819
19810
27004
21069
23814
22418
19681
19821
21326
18766
19469
18767
19702
21086
19593
18648
21730
18629
19752
20403
22969
17083
25509
19877
20086
16494
15526
16905
16847
20024
20300
16132
23363
20449
17567
20927
17730
16473
18005
21042
30636
20784
16175
17705
20522
16594
17124
17357
21177
19775
23071
22023
19006
14586
23734
19198
22470
44371
25468
23127
22318
24987
25425
21788
22956
23173
22075
32549
24296
25416
20947
25737
22303
23395
23217
23860
19500
18861
24067
20013
20262
21393
25431
30226
21459
26734
21657
38212
25638
22719
29499
19759
20752
18421
21908
23872
19722
22002
20049
30371
18224
27070
24135
20778
22974
20222
14860
29655
22393
21892
23914
22236
17922
20121
22089
20470
18410
22519
24555
24505
19134
16678
23976
17425
21833
18388
15310
20343
14891
15271
22649
15885
17449
17927
15401
14348
14414
19016
19474
28137
25038
21181
16240
23078
20878
23501
17541
22730
17183
20276
17178
20486
19948
19204
14744
20805
22770
19653
17778
18146
20740
19790
18139
21328
17773
23166
21163
23104
25335
21409
30763
22388
18824
21621
18836
40430
24636
21919
21658
18327
23165
18500
23111
23075
18169
15640
19381
20411
22359
19656
21556
20466
24300
20105
16074
23703
20276
16742
17948
20102
24324
26410
22630
22439
23853
19427
22594
19401
21920
18566
22479
18296
21666
19829
23591
20634
23905
20206
20539
19297
18485
21248
19442
20663
24642
24259
22089
20204
21574
19600
22511
19889
15574
14288
15460
23888
25579
21704
21802
24076
18613
22010
20268
118949
35734
83938
33155
33361
20148
16245
20350
21842
15469
24111
20854
37977
20330
37865
19312
19295
19451
21918
20640
30183
16850
26534
22675
20997
19452
13747
22363
21219
18406
24984
19313
21017
22038
20794
19184
18162
22680
22376
22042
21726
19565
21858
20979
16761
22139
17120
32633
26539
22900
24243
24464
21295
17569
20326
18126
32415
24388
22662
20468
15533
13281
13049
18083
49159
26534
24578
34592
20919
17105
16429
25413
24959
24656
20838
28632
24782
18381
27952
22488
24293
22319
22616
20996
18633
21266
21303
17569
21905
28306
21906
23080
19081
18293
25388
20691
22481
23984
20064
22120
19330
24278
24483
19593
16234
17006
17038
23558
18993
19912
22908
19154
18352
34605
17204
20917
18329
17515
20090
30883
23631
19341
27853
21469
18689
20406
18937
12804
18238
18169
28314
24075
19898
26836
24135
19582
17888
20362
17758
18535
18016
17980
21295
20367
17724
20351
19600
18089
19767
20405
17764
19851
20117
18650
19523
20578
17933
19959
19418
17781
17732
20134
17641
26484
22074
17267
18335
19563
17818
18982
19809
19547
19416
19706
23639
18883
14556
19043
28809
18785
19795
19149
23797
17214
16811
20042
27908
21824
16759
20753
20588
28732
21371
23880
18952
19580
24409
19483
17689
26343
21641
34496
24292
24617
21830
21952
23638
28042
22612
21709
21382
21610
21532
22291
21346
21634
22165
21395
21113
21490
40660
18906
18534
18474
18973
18547
18667
18425
18668
18423
18881
18305
18736
18941
18437
18547
18516
18288
19540
18884
19083
18536
18555
18537
18389
18607
18415
18507
19003
18875
18367
18748
18520
18298
18562
19680
19033
18471
18397
18351
18316
18476
18385
18425
19043
18723
18508
18480
18295
18582
18641
18406
18959
18538
18877
18758
18567
19040
18676
18192
18905
18614
18589
18472
18607
18268
18319
18480
18791
18496
18591
18300
18428
18364
18367
18567
18796
18398
19372
19015
18437
18413
18678
18513
18804
18433
18517
38298
19479
19601
19468
19355
19610
19396
19349
19705
20189
20048
19565
19520
19760
19256
19296
19802
19317
19294
19324
19235
44323
25790
24418
23915
23146
22963
22783
29643
23366
22385
22588
22665
22843
22491
22533
38168
21357
21735
21615
21637
21377
21768
21516
21339
21703
21343
21526
22610
21707
21604
21456
27720
33160
15008
18651
18229
20294
17357
16989
20181
17452
17302
15061
15807
17067
27137
26233
25541
26668
26246
25739
25487
26170
25871
25587
25227
25509
26213
26041
25796
25599
25597
25414
25766
26158
25760
25852
26013
25922
25219
25245
24953
25218
26062
25829
24575
25995
25349
25888
25751
25214
26378
25427
25305
25370
25818
25340
26152
26653
25659
26048
25625
25738
25686
25411
25041
25902
25817
25300
24698
24781
25797
25184
24876
25654
25696
25642
25916
25188
25180
25440
25299
25461
26122
25251
25315
25249
26311
25828
25104
25141
25873
25147
25086
25545
25175
26524
26081
24791
26217
25349
25061
25060
25220
25792
25071
25000
25848
25418
25553
25087
25059
25997
25008
25481
25457
25383
25152
25230
24530
25627
25500
25327
25640
25713
25479
25641
25636
24982
31407
19720
23944
18403
17627
14776
15556
14899
16376
14947
16185
14554
15480
16603
17886
33520
16702
13668
16872
17138
14595
15432
14181
19119
15526
17565
19060
18390
20998
21193
19765
18725
20289
18358
18374
24280
18637
18214
20456
18201
18582
19915
18509
18507
20319
18199
19180
19967
18527
18267
18246
18430
18442
19822
18378
18046
18341
18253
18522
20819
20321
19601
22717
19776
20107
21418
19829
19706
22119
19721
20017
21429
19853
19291
21711
19791
19993
22098
20910
20081
22016
19664
19770
20195
20011
19472
21616
19484
19945
20437
20091
19925
21502
18455
35204
17996
18426
17950
18828
18154
18710
18335
18686
20173
18370
18198
20111
18404
18355
19848
19550
18306
20302
17935
18391
19784
18713
18094
18412
18600
22178
20021
18482
18069
18566
18176
19266
20112
18436
17996
20093
18163
18417
20015
18428
17484
18488
17891
18330
29154
17926
20819
22724
19216
18367
20217
17229
30154
21982
19854
21666
17929
21457
19276
19729
18024
21045
17492
20750
19189
19308
17710
22557
17127
33146
18901
19001
20786
17934
20892
19819
21336
17606
22279
17629
20899
19765
21085
17802
22694
18263
21047
19442
21185
17716
22066
17838
30126
18904
19842
23806
18594
27078
24503
23250
15930
22468
20339
17399
17587
16434
34243
30583
20423
20402
19035
23075
19041
21330
18166
18398
16686
18331
15114
16218
18031
16308
16263
15906
16572
17782
17206
18394
15954
22248
17099
18791
21462
18219
17085
18151
15862
16609
20127
18939
15660
17556
19080
33263
20189
21497
18822
19789
18342
21303
20215
20858
23158
22155
14858
18855
19431
17410
19810
20675
21586
16762
20210
18343
19385
18400
22444
19644
26300
17806
132503
62261
19088
155332
87967
90765
90997
19623
23755
20866
23529
22105
24366
21565
19713
22319
30080
18648
20207
20745
17630
16111
22262
17422
17221
28719
22161
17580
17638
15734
14776
15386
19176
19062
17468
16608
22227
19277
18886
22140
16825
19712
21482
16813
15676
20127
15844
13717
14097
21613
15853
16379
20187
16463
17330
18431
20793
18381
12630
21545
16521
14453
13498
15987
17682
26915
21596
17230
14461
13691
13369
13950
15834
18309
14540
14553
17543
17328
16025
19609
15155
15310
19144
17365
15289
17268
14440
14493
15129
28123
26622
22080
16539
19988
16277
16527
16091
17115
17383
18575
18519
18618
20207
19717
18231
21650
16857
15058
17383
19692
23239
21277
18349
29061
22800
20380
16955
33127
19704
21108
16871
16531
29956
24868
21699
20336
18536
19551
21312
26487
32211
17977
20671
19765
18076
17420
19916
27489
22053
31139
20956
21820
19142
23113
23214
18855
18633
26528
18638
20510
18138
18144
18797
18244
17437
18110
16947
17884
20011
18247
17168
17938
17662
18027
18528
17955
18425
19162
17772
17982
18626
18088
22152
22461
21807
20143
22807
19231
27904
21711
19078
27782
21905
17225
19388
24987
20021
27309
21506
19881
16322
20256
28130
20819
21011
23690
18156
20080
18016
18189
18339
18203
16581
18079
18313
19439
22779
22978
22708
23407
19358
18574
19844
18050
16772
19543
21291
22436
21093
18980
18895
19120
18215
17231
17958
22258
20851
23629
18936
16146
15565
17722
19694
19443
18483
18674
22580
21357
20559
20148
24742
38841
25408
22788
20782
22745
18404
23061
21107
21178
19297
24026
19189
20688
20403
20805
23828
23458
23402
25683
23008
20869
23043
18693
20684
20128
21447
18731
22271
18500
20767
20426
21604
21363
23557
20363
18412
16772
19013
16655
20894
16662
20596
16711
18549
16366
18721
16737
18635
16607
18695
16475
18594
16831
19064
16535
18355
16513
18570
17761
18534
16463
18567
16583
20106
16527
18457
16784
18574
16551
18661
16961
18813
16492
18694
16696
18425
16635
18649
16347
19969
16579
18361
16794
18491
16637
18732
16394
18538
16736
18189
17442
18466
16590
18446
16404
20060
16529
18625
16592
18607
16841
19477
16378
18416
16563
18582
16642
18655
16669
18479
16409
18534
16123
18474
16340
21364
18733
18316
20186
17496
16607
18381
15685
18718
21601
19977
18051
14320
12790
19968
19112
18200
18594
17269
17437
16659
17436
15987
17667
16131
18329
16379
17240
16003
19733
16382
17242
15501
17498
16252
17978
16367
17269
15921
19074
16046
17097
15473
17393
16040
19089
16302
17239
15520
19295
16491
17114
16044
17520
15979
18109
16165
17107
15896
19119
23776
21112
16762
17282
15462
17373
16127
18166
23563
20236
17528
17460
16732
17489
16378
17125
15890
19280
16108
58351
36564
82224
22642
20246
17269
19643
16833
16369
24066
19825
19057
20635
22988
19666
25836
15269
17899
20360
26215
19937
23577
26957
18927
18936
19664
22977
19323
18879
26246
20573
19526
20536
18766
18723
19839
18565
18561
18599
19231
17598
20622
17605
20493
20234
35870
21476
25341
15227
18641
16576
32530
18513
19065
19812
20513
18785
18815
20029
18207
18297
23579
23756
21999
21979
18979
19075
19943
18716
18645
20813
18776
18288
20271
18157
18442
20572
18265
19437
19986
18463
18371
20379
18772
19381
19647
20060
18565
21944
23470
17704
20192
27847
20971
20632
17429
18370
17089
18314
18476
19340
22666
23243
23710
23000
17287
20389
27577
21113
20168
18366
18699
19246
24001
22466
18459
18421
23183
20879
18928
20319
18641
18670
20173
18304
18368
20474
18133
19093
20216
18553
18277
20453
18233
19366
20149
18388
18554
20476
18724
18812
19746
18510
18361
20382
18488
19077
19862
18627
18328
20670
18343
18865
20143
18639
18725
20425
18167
19333
19654
19144
18292
20378
18431
19419
20178
18405
18417
20489
18579
18627
20125
18096
18415
20669
18014
19414
20168
18466
18301
20444
18160
19266
19728
18200
20939
20064
18511
18696
20725
22865
22175
23129
20104
20481
20628
18177
18435
20395
18460
18481
20275
18050
18540
20207
18226
18902
19598
18445
18169
20527
18344
19470
20177
18493
18119
20480
18556
19135
19917
18359
18076
20619
18286
19105
20192
18222
18217
20548
18344
18787
20069
18368
18146
20489
18320
18498
19647
18505
18232
20730
18218
19333
20201
18392
18193
20073
18254
19393
19905
22347
20679
24764
20830
20859
21785
19043
18849
19978
18483
18714
20458
18173
21654
18860
18394
19907
19106
19054
20156
22847
17900
19915
18544
18584
21962
18363
19043
18234
18652
18438
20482
18518
19250
18763
18416
18360
20154
18283
19008
18263
18579
18183
20419
18229
19316
18304
28554
16138
24632
20518
18112
20719
27758
21003
26529
19711
22136
28689
19314
20566
20202
18922
19188
19966
18267
18207
20422
18382
18558
29135
31005
23095
19527
19067
21598
24453
22606
20922
20545
16740
18983
19245
18788
18802
19332
17774
20640
19214
17643
18328
20715
20810
20432
18925
14004
20346
20457
19065
21142
28134
21568
20457
18061
21119
21497
15747
14957
17839
20995
17906
19527
16851
28517
23696
20014
25319
22537
18416
17889
19641
17336
17213
17581
19528
18143
13269
21421
17899
20046
18123
14195
19726
17697
18113
16958
17546
19916
19121
14608
19598
20212
21759
19329
20247
17861
20628
18062
13583
22665
23537
21245
16644
17108
18142
19909
18625
11878
23921
19462
27947
20569
20717
27766
23471
17314
28622
22658
20881
16702
20908
28808
22065
20067
19371
18149
29618
20027
20236
21021
28276
21650
20410
18042
17104
20551
18447
19121
19875
18991
24456
22330
17332
19227
19893
18971
18296
21071
17888
17567
19644
17457
17260
17210
17432
19398
18480
16287
28309
21145
24401
19569
20904
37073
15639
14672
22341
17811
13631
12343
19793
19343
20220
18972
18312
20709
18181
17845
20283
17546
15269
16658
15160
18791
19446
20592
19666
18356
14528
22043
23139
20444
19302
13306
17266
19685
17125
19233
17622
16893
17455
19313
18282
20743
19981
19233
19566
18882
20526
22570
19461
18066
15819
21203
18742
19291
21728
17734
20395
18440
13564
23206
22781
18984
19403
17908
14340
24549
21750
17820
17564
12770
22387
19513
28295
19899
22767
18577
19556
19771
19034
18347
19326
20307
18088
12481
21145
17815
17740
17397
17411
17406
16977
16855
17562
19321
20009
20305
18837
17462
20026
17373
18943
17734
17178
27111
23601
21987
22802
19734
28425
18555
20989
21039
17898
21131
19014
15787
29085
17461
24410
22308
18258
22064
19870
19419
28626
24537
20843
19861
19706
21249
19613
19285
25821
20890
20566
19471
17949
20319
21533
17471
18869
18416
19709
32377
21410
19869
19220
21542
21886
20367
19531
12111
20198
21439
17982
17732
17215
19878
20286
19070
17758
20048
21448
17534
19998
19611
27746
21043
20077
17959
20682
18619
11645
22283
19171
28048
19367
22992
18466
20271
29851
25493
127806
67089
34800
26319
36470
22379
22417
25206
22214
23161
21292
20066
24783
18325
20861
20234
19637
18070
19369
17827
19354
20574
19634
17671
22388
18005
19235
18729
19487
19409
20966
17711
18970
19356
19451
18079
19398
18306
19865
19581
32542
20963
20908
21129
21379
28383
22732
24151
25860
19228
23918
27403
20371
20673
21301
18872
26344
19992
18686
22054
16817
16074
25008
20100
16650
30527
20226
18673
31444
20833
19264
17899
21347
22077
20048
20075
21885
20109
19763
23612
19688
20388
27628
20099
19806
20357
15011
21683
24008
16722
37122
25750
24175
19464
18282
16043
19613
18152
29669
15807
15861
16369
14385
17945
17788
29165
17516
19057
17232
17273
17642
19008
16122
15767
17035
14697
17104
18518
28310
18781
18123
16271
17567
17976
29517
16697
14938
25419
16675
18384
29070
17346
18195
18120
17071
16390
22535
16076
15999
18381
15966
17161
16980
16948
16221
16681
15357
16927
16819
16195
15939
16838
16849
18211
17590
16245
17435
17759
15654
17530
16745
17000
17761
18790
15877
17299
16351
16178
16835
18381
16809
16881
16007
20352
16311
16590
15665
17098
16653
17771
17904
16103
16825
16491
17068
15597
16399
15763
16516
15116
19808
18122
17085
18769
17485
17597
24384
19475
16328
17768
18641
16082
16704
22079
23414
19242
17536
17432
20466
18617
17035
16965
17024
17964
18352
18067
16018
21998
23600
19687
16658
23967
18835
25355
24823
21547
23013
20099
20235
17697
23761
19052
15568
18317
23661
19173
18395
13251
17628
17239
17512
18539
17176
16894
19572
17657
15917
22515
16494
19713
18861
16173
16873
15781
17586
15888
17375
16321
19576
18086
16499
19162
17073
16180
17882
16644
16251
15463
18255
16246
16783
16709
19343
17816
18326
15943
15936
16858
15568
20489
17809
16893
16869
15609
16876
15886
17402
18028
28871
20271
16850
15904
16431
17971
17327
16590
18880
18368
15342
16510
14557
19173
18543
17098
17903
16234
20578
16457
17486
16183
18397
15041
17644
19653
17016
17013
16326
18255
16212
17741
16103
19303
16316
19141
16106
20541
23320
21932
17511
14550
14822
19617
24314
20858
22336
19057
21074
17365
19323
19120
19635
17426
19539
16976
19057
18973
20147
17187
19291
17166
19089
17249
18953
16915
19405
17306
19238
17309
19316
17182
18904
17266
20645
17810
19138
17316
19233
17534
19299
17021
19418
19124
19174
17027
20674
17466
19066
18993
19532
17137
20761
17429
19599
27529
19705
19147
18090
18744
18989
14936
14391
22246
29339
20196
20445
17977
19214
29121
21256
21343
19396
17024
19351
17487
19306
19959
19649
17321
19075
17210
19383
18932
19189
17292
19180
17468
19410
19205
19408
17461
19355
17287
21157
18599
19404
17038
19214
17005
21287
18758
19375
20765
20618
17139
19457
19171
19170
17228
21024
17156
19217
18833
19142
16992
19384
17202
19573
18784
19143
17772
19238
17192
19181
19065
19253
17433
20696
17109
18920
18834
20895
17558
20833
17536
19453
18912
19183
16932
19198
17322
19425
18742
19195
17666
19070
17466
22666
18875
19424
17440
23547
17097
19103
25656
19402
17465
22442
17335
19400
20189
19580
17221
20749
17366
19564
20987
19539
17203
22539
17220
19118
19459
19813
17390
22675
17029
19095
18950
19113
17131
21219
17358
19286
21074
19218
16945
22736
17723
19189
21073
19697
17043
22476
17041
19005
19165
19279
18287
20702
17162
19192
18421
19045
17364
20568
17370
19313
28736
20047
21921
19896
21558
17073
16808
19952
17615
19728
17572
20558
17496
19107
19291
19103
18565
20733
18414
19032
19699
19175
17864
18859
20514
21125
17412
19173
17885
18954
17410
19134
17152
18748
20981
19195
17356
18936
17773
18956
19316
19276
18064
20511
17089
19201
19523
19115
17362
20582
17003
18773
19354
19219
17237
20531
18657
19238
19273
19041
17292
20130
17176
18921
19053
19226
17427
20567
17198
18872
19238
19038
17719
20684
17138
18840
17802
18991
17426
20491
17248
19044
19050
19315
23689
19648
16718
20505
18363
19379
18742
19214
17733
21264
17996
18953
20851
19301
17228
19647
17703
19170
19987
19733
17136
19656
17533
21628
21040
24572
21138
19948
20136
18068
21136
17525
19694
19274
21523
17498
21204
17303
19929
21306
21544
18989
21578
18870
20053
21101
20102
18644
17835
19953
28414
21053
20775
19209
30108
18910
21068
20268
28681
19699
21425
17403
19627
19177
22237
19515
22756
19108
20256
45044
21249
19249
19594
14680
25002
17796
15916
20915
14349
17196
17408
28177
21544
17114
15989
16478
18612
15718
18275
17643
15870
25650
15666
14927
14124
14815
23531
22965
18627
17329
17616
20685
26140
20830
17218
29208
16207
19525
17972
25488
20489
16093
17268
17081
16911
15957
15092
17419
19009
14490
16746
16154
15558
15808
14099
19118
22406
15728
17613
29772
18711
16325
29400
19927
16973
29848
19118
15491
18807
24591
17838
16722
15168
16288
16738
13943
19276
15129
16939
14430
16792
14149
16498
17650
15978
16440
14922
15973
14087
15417
22593
22546
16347
17669
14845
16506
14790
15435
15340
16738
14367
17031
14209
16459
16644
16015
14022
16501
15286
24450
21831
16884
15544
17950
24838
15523
19297
14201
15828
17149
14285
15596
17539
25012
15654
22816
15675
15053
22001
22364
15673
16528
13851
15125
19910
16529
14800
17660
16190
15207
19175
14758
15930
15090
16148
16116
26898
18056
16691
17347
26496
18025
16382
17343
13039
21392
19391
32160
16964
15894
14625
17304
17542
22176
21504
13623
21583
17234
13598
14569
15923
16344
14997
14489
15686
18670
17558
21315
19895
16633
15152
17188
16964
13961
17486
17362
16684
15161
14776
16922
15304
14923
14825
16544
13980
15685
15733
16728
14570
16533
15585
16532
14908
15044
14970
18255
16068
16080
14404
16246
18687
13852
15856
18685
15575
16542
15916
14727
15126
14828
15919
14401
18189
17542
16540
16295
15945
14609
16839
17465
15830
16339
14304
23949
13967
15052
16423
25214
25861
21164
15513
18777
15820
15085
15551
15110
16261
16264
16504
15630
15189
14694
16322
16051
17882
15614
15714
14483
27292
20092
16888
13518
14106
22860
22584
15179
23304
19043
13502
16595
17225
16036
16829
15953
15658
14244
26867
20197
15716
13685
12861
13590
23625
16238
17327
16546
15875
16941
15695
15931
14878
16539
15981
15475
15085
18994
14358
20067
15676
16679
16137
15158
15025
16311
18892
15041
14841
14926
14904
15757
13868
16693
17686
17393
15611
14940
14998
15049
15875
16222
17405
16187
22778
20317
18553
17584
17573
17877
17752
17333
17812
17022
17120
16785
16455
15940
17689
16552
16951
15676
20600
14869
17720
18299
16486
17405
15747
16024
15924
16431
17193
16879
16889
15919
16263
17437
16842
16865
15684
16017
15622
16016
15404
17395
16859
15602
16033
15957
15466
16103
15851
18259
15854
15754
15751
15642
15755
14756
14908
15643
18526
15970
15178
26360
18103
14183
22960
22774
17973
18066
22631
14392
17965
17091
15737
16376
16344
21731
23019
13919
16398
15020
15228
15261
23555
20857
13104
22724
24954
18963
14475
15566
14190
12992
17707
18160
25737
17130
15703
17675
16642
15613
14898
16397
16041
17382
15366
16724
16575
15202
15111
15764
14025
15277
16112
17109
14872
15837
14105
26598
20131
14674
23760
16318
16479
30066
17174
15292
20188
26042
16943
22376
14851
16424
15348
14392
12615
12213
14843
16189
14918
13863
22317
14692
16706
25267
15417
14389
86754
29393
29567
26429
25086
24419
20667
19892
29778
21379
39045
22858
22468
24411
21365
27268
21571
21784
21835
20104
21112
21211
20867
19459
24290
23307
19071
35650
20682
22683
18835
21032
19819
22221
18997
19379
19664
20160
22351
20968
18803
22370
18898
19488
17397
20863
18455
21950
18557
19538
18600
19814
18539
22503
18398
19381
18602
19796
18364
22127
18237
19592
18781
19640
18121
20345
18315
19621
18675
19435
18786
22273
18839
19857
18394
20051
18356
22334
18613
19491
18789
19521
24763
20800
18427
19594
18412
29152
18872
25266
21010
21759
24746
25208
23739
21072
21589
22321
21589
24239
27315
19624
23612
20841
22283
21742
22152
20227
23742
20565
21741
21859
23004
22249
21898
20485
23476
19890
21594
21816
21546
19866
23099
20814
21657
21682
21501
20057
25718
21042
22815
20543
22654
22863
22678
21174
25878
20918
22805
22334
22965
21503
27139
20891
24106
22293
24633
19139
23211
21350
23004
22527
22064
21878
24201
21037
25097
20521
22622
22714
23013
20450
24938
20746
22773
22738
22825
25482
23255
20532
24397
21335
22964
23768
22940
21370
22758
23036
20715
25416
21012
22947
22100
22005
20665
23572
20275
21764
21915
21214
19788
23634
20148
21388
21290
21687
19917
23199
19833
21726
21882
21856
20072
23461
20284
20691
22384
21822
23502
18632
19267
21139
22712
23560
20817
22514
20484
20324
22667
20520
20738
23706
20865
20713
22618
20621
20366
22602
20308
22173
22455
20769
26546
22223
20419
24128
20585
20956
22241
20773
20526
22498
20667
20800
22278
20623
20480
22762
20421
20613
22206
20561
23538
22989
20739
34402
24631
29958
21952
22544
20836
20957
20619
22479
20579
20522
22305
20516
20376
22553
20491
20355
22282
20529
20598
22301
20732
20698
22306
20629
20129
23647
20386
21048
23807
22804
20589
20021
25211
19118
18011
19946
17854
18063
19834
18014
17342
23086
19321
17626
23246
18976
14997
21692
19549
18177
25180
18647
17547
17797
22095
17398
23352
21101
17514
25773
22033
17461
22126
20016
24803
42301
28441
24569
27867
24166
28208
23443
28007
24073
29536
24282
24389
26145
26837
25957
24166
28957
26025
28551
25616
26968
25297
25600
27507
25917
24984
24837
30812
25729
26247
45194
21629
20994
20513
20794
22582
20223
21005
22541
20849
20613
22550
20373
18603
30567
20807
20943
22991
21681
19352
21247
19225
18873
20522
22026
20490
20145
19045
15655
25868
19813
19196
23192
24551
20203
20111
23124
17055
14039
12353
16536
19222
16517
20838
19546
16630
18097
21941
18662
20618
16750
15512
23170
18570
13844
17616
18605
24964
16605
22178
16306
14274
25026
25839
19506
16918
21321
17502
25161
16038
17283
19851
18888
19371
18125
17418
21039
16285
16072
16061
15448
17122
18937
17952
16097
19237
15917
17024
16115
26274
21433
19042
14709
14407
14572
22809
14463
18314
24710
15170
21121
18874
13703
22598
25581
19203
18221
20236
17283
19525
20588
19692
16715
20255
17050
19154
19729
16964
24699
18918
16377
19021
18701
16781
18254
23142
16164
23699
18718
15170
15902
16743
19293
17810
18366
19244
18080
17060
22870
18666
14322
18660
17961
16867
17176
18462
16521
16579
16449
20517
17476
16583
23338
18825
16568
20837
22141
19004
17864
18832
16696
17654
16819
16435
19279
17790
16842
28599
20748
23800
18192
16059
19015
18683
19707
17932
18692
24623
19024
18709
15092
14697
32114
20746
28900
20314
16913
18237
16835
13203
13888
19479
18078
17001
19536
17948
18557
16895
19191
19161
17002
19534
19468
19409
27621
18822
19630
18986
17273
19754
18074
17061
24725
18844
17257
19837
17300
19085
18096
16734
17319
19011
16874
17275
18155
19750
17856
16638
14953
17522
20689
16613
16782
17980
17378
17121
17256
16842
18258
16554
16958
17879
19675
17041
24274
19921
18473
18452
17270
24911
19015
17962
18195
20064
17090
19979
16547
15192
13658
14335
25597
19265
16167
17964
20029
16459
16863
24837
19098
15316
17444
22983
18613
14468
18700
18076
17297
25708
19076
18876
17928
16950
20799
17092
16891
18110
16747
19060
19164
19412
17055
16390
17552
26575
16196
17933
20631
16721
16517
20539
17340
16526
23195
18774
14695
19442
18197
18117
19296
17966
16831
18021
19670
16463
16538
14210
21044
32040
16030
16884
31420
17549
21693
14698
16810
19005
22585
15035
21149
18618
13637
19903
14900
15824
21645
16149
15760
15427
16920
15147
18466
15862
25515
21095
16460
15404
18236
15184
16146
16060
16872
13938
13302
17033
19577
18399
13876
21666
15315
14069
13591
17672
12645
12145
12267
12276
19031
16896
25159
20674
16834
15960
17366
15420
15250
18179
15674
16239
16202
17083
16657
17336
15678
26884
20946
19165
25334
22614
14165
12595
12331
18195
17184
15953
19046
15341
21488
24004
22369
20393
21910
27438
20974
22593
20085
19054
20474
18383
22527
23714
21416
23179
23332
18353
19206
25803
27825
16894
15915
17438
17927
24034
19681
15619
20329
19140
20386
17228
20194
20729
16126
20218
21809
18120
19259
14114
12427
12212
91362
75986
24571
105541
26080
18585
17340
23892
19644
14589
14557
22167
17993
17142
20179
23321
28700
19952
19461
14983
20197
21963
21590
17012
17054
13220
18381
27688
20967
17783
20707
20701
22825
19246
21314
18904
17206
28268
21783
24223
22097
17332
21243
19169
20112
21081
28298
19051
28491
22660
20212
17402
21865
20866
17644
20525
23775
17279
26882
19915
19297
14119
28623
19225
18593
22679
19630
19406
21547
18802
18189
21733
14328
20254
28750
26896
22646
19193
17505
18815
14138
12556
15360
27162
21745
19630
17667
16990
14263
12360
20975
28378
22509
18700
17988
19241
24842
23338
22258
18898
20830
20050
17706
17905
17513
24262
23208
20253
17697
17409
17369
25109
23171
25780
34426
17529
22392
18013
29267
19888
23785
23355
22652
20950
24022
32798
19311
22002
18340
21953
18900
28301
22084
23269
21123
24171
20348
21333
22100
28177
22652
18962
14453
18794
18335
19419
18231
17286
24593
22905
23616
23461
21889
23092
23277
21121
22299
22176
20719
19418
21726
18122
19985
20721
20306
19252
21739
18215
19686
21047
19877
19031
27074
18383
20283
20867
20416
19675
21437
18932
20211
20968
20218
19557
21387
20517
20229
21417
20098
19748
19963
29988
22476
19251
21404
17495
32501
16679
23219
19294
17823
15587
16995
21961
16232
16356
19770
14733
21365
16770
19469
15777
16547
19974
14581
19192
18368
18456
22461
18704
16161
23930
21468
19051
16965
16497
16084
15804
22372
21600
21401
17045
14948
17938
18605
16878
22165
18653
16207
15931
16399
19997
17866
18693
16125
15918
16800
16523
17438
16070
17866
16045
18570
16371
16458
15643
18163
16412
17351
16996
16435
15695
19527
15931
17385
16227
16912
17018
17244
16405
16496
15403
19811
16108
16491
16191
16533
17051
21771
15567
15645
13816
16740
14243
16316
16329
77602
29254
46473
121075
372052
57932
78388
37977
31797
21496
20572
29524
19129
24302
26006
22277
19250
20587
29326
20661
22808
23016
26847
23372
22355
33358
21216
28555
20597
26587
20770
22897
19161
23438
22054
29900
21292
25793
28632
23371
21747
23714
21106
19810
19659
25905
20413
20633
22091
19172
18283
19136
18593
23604
22513
19135
18081
26698
22922
24406
24200
24917
19955
21822
24222
24976
24824
19788
20802
20698
20339
18809
21230
19160
20590
20536
19953
18898
20167
18982
20590
20677
20338
18781
19896
18923
20272
20545
20387
18892
20511
19055
20289
20805
19921
18906
21399
19302
20296
18941
20439
19365
20577
19017
20246
20701
20522
18827
22545
19253
20597
21039
46594
24834
28473
28627
28127
23998
32663
21580
24588
26183
24374
26338
25532
22628
25993
31424
26177
25529
25574
27917
33113
22362
21677
30868
24147
21172
17758
22356
20329
38432
37073
29152
19112
20380
25268
21003
22721
17828
32104
23817
23017
24990
25187
24880
21025
32931
19723
22879
19214
22076
16566
28891
26177
21508
24572
21532
32583
22854
23055
22037
19182
21215
22063
20500
22399
19411
21925
19673
35695
20466
20722
22372
19198
21997
19280
24644
20565
22450
19366
22464
18861
22317
23236
21978
21058
27811
19032
21814
22596
22955
19136
25579
20892
22576
26871
28538
27744
27359
20369
23967
15307
29823
20279
13141
13060
24520
21439
15689
18678
21290
21840
21526
21337
21382
24802
22107
22013
20333
19878
663729
24066
26482
22852
24971
21489
23366
22004
14203
14401
18243
16808
19905
16363
15780
25771
18089
14152
15338
13898
15221
19013
13903
19301
30384
29610
23046
19496
23065
19249
36325
21443
16770
17785
16388
28804
21387
21808
16419
19494
17434
17887
17095
47670
22979
24078
19530
16438
20557
17764
18570
19615
14052
18522
18570
17172
17618
15909
29234
20646
20032
19956
16558
17650
16078
50919
24549
20340
23552
22012
16186
15650
23591
22192
23181
22518
19669
21387
20809
20414
17780
22000
19505
18084
18583
17328
20083
19020
19056
24811
19487
19091
18602
15977
14154
22744
32975
20156
29342
19360
37250
20938
14783
12919
12758
15418
13046
21000
19126
15889
17455
29006
18315
15433
16084
15246
16744
21826
16655
19233
17503
18568
27116
24126
21629
23227
29696
19715
24821
20556
20482
21333
19751
29100
21592
30135
24331
22273
19935
24648
19676
21527
21326
21780
19126
23547
19573
20886
21118
21828
19189
23351
22119
21202
23082
17928
20878
23278
21022
21070
38706
23512
27101
23292
24186
22075
23993
23193
24411
21635
26289
21135
23605
26353
23242
23613
25660
26348
21538
26575
23030
24421
21335
24363
23323
24791
21270
25732
24631
24828
23034
24504
23348
24278
36923
23561
18817
21202
23586
21192
21084
23079
21222
20781
22933
20964
20857
23052
21219
21638
20157
21641
22597
21166
20883
24320
21232
20668
24158
22740
21465
25865
24518
22677
27434
24530
21592
27071
20010
21690
23370
23211
37770
24893
20467
32560
23167
19895
24180
22444
18836
21546
19953
21746
22590
25660
22815
22447
20988
27550
21765
22983
22562
20548
19102
19258
21783
22563
29297
22387
20404
18571
22439
22271
19437
25688
22751
20733
24485
21434
20516
21441
19654
18971
25688
23218
24045
22076
20555
22786
21118
18573
19350
25245
26226
21601
38290
18661
20871
21566
20045
25167
22367
22343
20097
22817
20242
20633
24880
18384
21398
24216
19021
19530
20803
25478
25443
22543
24520
20893
21848
19509
19725
20927
25859
22055
24254
21491
20789
21677
18250
22815
26794
19567
25304
24093
23419
21052
21805
19165
20427
25105
23174
21264
18934
19179
18169
18966
23067
22551
19027
23138
19150
20092
22660
19276
18937
21767
18115
18552
21749
19030
18574
22191
18827
18238
21801
18877
24566
23944
21133
24641
24962
23152
21230
27178
20853
21681
20528
19018
18459
20976
25569
25111
23273
21304
19316
21418
19424
25117
22656
19781
19563
22059
19432
19771
23421
22371
21056
20654
18876
25380
41396
20775
28445
20108
22003
19912
21292
22625
20524
20776
21968
19749
25653
21279
20222
23385
23191
19453
19985
21550
19982
25788
24860
21955
20892
21088
22258
19980
25717
21916
22625
21201
19917
35198
19474
26584
24140
27448
20864
22735
24516
21564
22048
19331
19820
21050
19824
19337
21288
19031
20169
20315
20043
19013
21058
18447
19375
20508
21075
19344
21224
19166
19535
20456
19550
18836
21277
19444
19713
21308
19432
18794
21298
19136
19812
21523
19437
19175
21854
19434
19988
21316
19656
19432
23479
18892
27992
19548
20326
21861
20109
19946
21807
19613
20311
21501
19281
18667
22203
19073
20221
21777
19824
19786
20587
20214
21783
20318
20703
22797
21435
20359
22212
20520
21277
22671
20783
20529
22369
20563
20770
22711
20517
19508
22274
19404
21135
22640
20725
20504
22755
19960
21340
22651
21067
20247
22303
20780
21536
23073
19821
19296
19996
19816
21223
18781
19887
21059
19575
17980
20447
18549
19861
21313
19599
19296
21668
19216
19544
20671
19811
19261
21484
18410
21364
20892
21638
19269
21556
24043
27358
20017
19762
19825
19598
19811
26013
18949
20588
24259
19834
20462
21284
20163
19772
21702
25462
20342
20389
18885
20819
22289
19695
20328
21480
20131
19797
21818
19538
20306
21271
19622
19660
22573
19607
19942
21521
20282
19391
22079
19567
19809
21320
22406
88322
27299
25017
22054
19510
18888
19875
18971
20793
38016
22682
23864
22322
20938
19935
22401
20780
20788
21611
21191
20462
22171
20092
20861
22128
20798
20163
22812
20279
20882
22293
19991
22299
22154
20810
20436
23282
19934
20080
25796
25028
22485
20531
19809
18819
22093
26628
20740
20859
17727
17433
20871
25167
24850
24602
21554
20360
25564
23524
21263
18478
21794
18822
19483
27037
29015
18324
17892
20370
20147
24661
21353
23092
21173
19976
23780
18697
18144
22195
19781
19268
20807
19314
18996
21118
18648
19114
20466
19209
18136
20488
19245
19689
20583
19700
19607
21592
19464
19348
20076
19347
19107
20373
18958
19685
20706
19407
19030
21175
18968
18898
20240
19782
20072
20668
18915
18172
20311
19534
19153
21200
18531
19117
20521
19466
23842
20802
18958
19214
21558
19436
19748
320002
33240
25388
22186
34212
17722
20702
20300
35078
24204
22497
20837
26251
25283
19122
20065
23698
24311
18908
21153
20640
26693
26891
19083
21259
26456
26041
21982
22562
25729
21903
23370
18319
21134
21181
19409
20494
28403
20011
21748
21183
20706
18243
22322
25087
24014
24883
19054
19513
20445
18208
25491
22670
25710
21699
19511
25871
21527
19596
29905
19384
18896
17379
16810
17048
16473
17077
16474
17827
16503
18730
16289
16797
16782
16829
16614
20835
14980
18591
26190
20390
17730
20253
22048
14822
14913
13806
14277
26260
37318
21129
21763
19122
19754
18785
17367
22574
17316
18681
19050
19152
16799
18574
16772
19541
19314
18553
16790
18534
17013
18330
18360
18647
18340
19838
17469
18587
18265
18415
17045
19231
17113
18476
19210
18805
18342
20626
22190
34045
28049
27026
20509
18976
20411
16529
20166
16605
18838
17380
18783
16606
18717
16471
19461
25020
19742
18706
22081
17250
20548
18407
25687
19769
14885
13086
15457
17892
18182
23869
19191
19069
22025
18889
19410
21031
18922
18509
22198
18728
18653
22545
19118
18296
24046
19706
18429
22923
19157
18308
23461
19175
19460
22726
19312
18329
22714
19350
18655
21796
19435
18766
21634
19747
18518
21036
20628
18312
20603
20865
19327
19800
20753
18321
19140
22317
18759
18520
21801
18779
18392
22172
18935
18227
21814
18654
18594
22654
19034
18186
22448
20339
18647
22491
19254
18785
21810
19301
18672
21668
19826
18495
18329
21164
20261
18407
18568
18080
18359
22367
19946
18631
18834
18399
18785
18581
18419
18261
21239
20413
18453
18496
18695
18480
18145
18251
18334
18289
18171
18323
19299
18535
18342
18262
18309
22845
19796
18233
18694
18263
18228
18590
18161
18313
18199
18106
18462
18411
18176
18069
18233
18137
18308
18484
18639
18364
18219
18226
18244
18171
18826
18216
18465
18053
18447
18194
23350
19579
18290
19091
18657
18056
18259
18239
18365
18130
18064
18066
18518
18248
18415
18309
18214
18261
18103
18024
18280
18169
18003
18446
18626
18286
18059
27073
19138
23005
19709
16462
16101
16395
16117
14412
26808
18381
19236
26028
19750
17600
15483
15587
15307
15311
16772
21757
18581
12247
18612
15157
15557
15954
25742
22174
14988
19714
16285
15514
14923
24780
22828
15877
15234
25113
25773
13100
17769
21261
16345
28300
16408
16667
30164
16388
136042
18092
15973
15408
14582
14295
13877
16741
16619
26258
20379
15746
13063
25433
23372
15534
13461
12338
15105
12960
21969
13893
15283
12355
21235
14265
17530
16647
14661
15594
15409
15660
16500
25505
22975
15599
14850
17355
14220
25791
20158
15756
13549
14918
17413
15568
16057
17612
21645
13471
14232
28373
18612
17381
16873
15082
15742
16325
14464
15596
14618
16660
15468
15370
17221
17285
15493
14738
27743
18989
15785
15506
17119
21856
19215
13672
18828
14969
15709
16059
15674
15240
18285
15306
14239
16045
15998
15001
14312
15906
21471
11957
16113
17769
15425
15589
16785
15425
17501
24883
17022
16844
14990
15340
16084
14770
15848
26444
17423
18548
30011
19303
28978
18971
15843
15152
23925
14546
20067
20556
19741
18466
19256
21135
17682
17797
16932
17245
17177
17288
17292
17322
24808
17711
17397
17410
17298
17325
17289
17393
17423
17356
18745
17184
17196
17313
16972
17170
17175
18939
17139
17231
17299
17164
17242
17808
17068
17229
16779
19067
16940
17160
17223
17294
17263
17303
17152
17245
16872
19104
17231
17495
17607
17115
16786
17332
16873
17275
17156
18836
16902
17348
17106
17043
17103
16970
17307
17719
17399
18749
16886
17112
17048
17071
17395
17298
17070
16962
16778
18673
17152
16957
17152
17463
17261
17165
17286
17131
16926
18855
17255
16935
17204
17277
17040
17034
17066
19555
17360
19261
17099
17305
17148
17112
17244
17204
17290
17028
17236
19159
17520
17051
17208
17146
17307
32501
18257
21874
16773
15942
16538
16189
14063
15322
13837
17166
13843
15185
13835
16899
13929
15328
13821
16809
13928
15353
13713
16867
13851
15439
13656
16839
13715
15064
13862
16660
13975
15379
13716
16808
14002
15389
13697
16989
14039
15401
13830
17114
19669
17238
21795
18018
16882
17312
15734
15388
17976
14961
16001
17903
15621
17875
17520
16705
15366
17703
15186
16861
15358
16190
17918
19326
20623
15796
17513
19157
16866
21803
18556
16229
16844
15681
15223
16533
15282
16080
15187
16056
15148
16390
15234
15411
15349
16025
15192
16051
15171
16128
15245
15572
15349
15512
15347
15784
15237
25878
19973
19114
14134
14214
13526
14402
15689
17009
15873
16285
15392
15218
24638
21632
17719
14917
16132
15337
25394
14872
24144
21993
15199
28863
22612
23478
17084
14585
17399
16494
18428
15871
14817
16888
14781
23287
22951
16788
13993
14497
14982
16036
18270
15830
16023
17352
24610
16112
16849
16852
15981
18588
15162
16762
15647
18352
18276
15283
15526
14160
13627
11739
17178
16576
23706
14161
14556
17779
25154
15085
18236
16752
15772
17512
15296
15390
16992
15116
25236
16159
24063
21726
17515
14180
16583
13896
17453
14148
14308
13240
14079
15633
17038
15985
16336
15269
16545
16538
15539
16821
16747
16011
17459
18652
17128
16668
16606
15392
15602
16873
17256
17225
16165
16713
17238
15969
15263
16044
15350
15898
15368
15792
15297
16681
15344
16045
15199
15757
15258
16716
15384
15821
15355
15722
15261
15982
18598
15350
15519
15432
15336
15769
15026
15698
15065
16283
15207
15523
15121
15669
24492
22116
16640
26906
21074
16274
25819
26032
20567
16047
18666
16093
16111
18021
18344
15570
18215
15351
14899
25317
22607
19135
17077
16097
15226
18289
15663
15422
24514
21379
16430
26157
21175
16771
26013
26132
22287
17472
25914
24613
23529
17069
15837
17725
15362
15513
24543
21766
16426
18008
15959
15663
16603
15413
16876
17412
25752
16279
18426
15282
15552
16562
15880
16027
18122
16809
15415
17905
15380
25087
17100
23099
21665
17600
15772
14904
15885
14787
16432
15958
16173
15297
17314
15372
15503
16721
15147
25053
16177
17172
16078
16016
16602
16891
18157
15120
15857
16431
15080
16637
16957
16723
15424
17265
16573
15454
16961
17635
18679
25229
21839
17872
17226
15851
17827
15169
15712
17074
15442
25297
16378
16794
17204
16664
16543
15327
15638
16840
16953
17254
16221
14718
16369
15272
25353
16713
16268
16254
17576
16559
16839
17063
16394
16688
16981
16133
16361
17384
16659
16705
17235
16530
15290
18124
15169
16222
18603
15780
15361
15626
15401
16769
15235
15635
15357
15809
15391
16132
15287
16492
15336
15760
15374
15699
15404
15453
16899
16227
15494
15150
13587
17561
17217
13688
17199
17353
14961
14312
16808
14239
13637
14702
19819
14876
15509
15592
17723
15480
15019
14059
16920
15532
15363
14869
16814
14997
14646
14935
17112
14343
16987
15486
17441
13883
14942
13078
17181
13583
15508
12885
15827
18796
15201
14992
17655
14307
15626
15608
14453
14110
12519
12516
12579
13892
17524
18278
17089
15669
18285
16876
15875
18675
15434
15328
18031
15061
15322
16764
26142
21880
19018
15752
16285
15287
15462
15371
15716
15263
16351
15169
15378
16771
16443
17746
16466
15331
15334
16614
17366
24541
24628
27597
19032
16200
17965
15247
15671
16979
16695
15662
15304
13858
13519
16204
17640
16490
14930
15022
24780
21884
20799
15610
23565
21945
17052
17185
17929
16748
15491
15477
17184
16266
18092
15658
15985
15743
16441
15679
16358
15799
15690
18565
66996
29298
24413
26877
26647
20474
24053
72740
39632
30230
25443
22168
22841
18622
21779
13936
15189
15552
15356
18711
17175
27121
21795
16761
21972
16698
17738
19683
16781
17833
15572
16583
15615
16254
18739
15966
16784
