188069
112637
85520
76033
509972
36092
42996
38883
37793
32181
38637
28733
31517
30334
30550
28964
30186
29551
29076
27918
29855
32755
27908
31467
32962
31154
33707
32362
30061
26309
29184
34487
29199
30248
26439
30024
31536
30016
28937
26855
27510
34549
27810
31163
25478
31357
31081
29315
26946
31270
29130
29261
27717
32085
33995
26191
25988
31970
29760
30976
29195
30240
29490
28897
26962
31558
31541
27798
26054
33201
29940
30981
29498
28813
34247
33985
28978
30392
26004
32184
29251
29608
28749
28833
27530
31669
31499
27141
27097
33645
29888
26148
24957
33792
28985
29957
28397
28263
28976
30886
25593
31791
33703
31386
29642
30701
29081
30775
28545
26481
25962
30887
30107
32484
29795
36460
30220
33204
27748
31370
31946
31700
29752
31242
29917
32891
29618
31455
27855
30620
31666
31543
35594
31798
29488
30916
29494
31566
28045
31576
30946
31411
29843
31269
29617
33059
29430
30241
28831
31309
29482
30803
24756
32776
31433
30003
28564
30000
30933
25436
29164
33085
28691
29882
27864
27381
29618
31391
28460
25570
32930
31135
30919
25334
30252
30784
27497
29739
28392
30902
31359
31143
24791
29060
30716
30552
29305
35893
27510
28918
30518
25101
29073
32477
28795
29923
29769
30113
26665
27187
32421
31082
31884
25226
31647
29596
29378
26591
32567
31014
27552
25835
31441
30555
26749
25129
31598
28698
30019
24817
31537
28588
28512
30245
31289
29533
27686
27064
33624
28436
28217
26698
32244
26971
30482
26125
29970
29872
28334
28560
27172
27374
29739
32185
29476
28024
29225
28225
30049
28126
29029
27886
29085
34602
29167
27979
28496
27356
28565
32136
26888
28240
31031
29735
27276
27893
26098
31882
27114
29261
26284
29822
28974
27616
26142
32659
27563
27856
26572
32561
31021
28014
28160
31629
29415
28626
31003
27649
29320
29631
28645
27508
28396
27172
32053
38052
37519
31070
26972
30850
24981
32369
28352
29644
32204
27622
29412
28581
26793
27893
30085
32397
27881
27479
28985
27154
31081
30020
31082
31240
24443
32151
27810
26646
32422
43229
68569
39045
32272
33826
26260
23126
19368
41447
24863
22122
21900
21075
22271
23914
24564
36612
32305
37078
36072
32469
27891
29500
28120
33316
31450
29783
40244
33480
30256
31918
29129
35469
28649
34496
27990
30431
27919
28439
27896
28798
27737
29436
29769
29147
29204
34366
29551
28064
29235
28867
25978
30699
25476
28381
26118
29076
28808
25279
30674
34254
28836
27600
26841
27159
30977
25733
27309
27141
26801
25863
27997
26721
26347
24587
25953
30927
25810
27377
28687
27581
29159
24791
29166
27907
26541
25781
25670
29053
26926
24744
25648
26917
30651
41169
31681
26268
28184
23643
27760
27904
25840
28684
32786
26582
27808
31226
32581
26466
26438
26858
32038
26833
26540
24902
29746
28059
25911
25138
27974
27761
27336
25843
27238
25298
29936
25654
27251
25456
27100
27029
26885
42498
30958
28351
27720
25842
27173
25500
28986
25594
29263
25894
28448
25417
30420
26669
29313
23584
28342
26705
27437
25444
27230
27982
25877
24706
27243
25702
26791
24096
32039
26938
26896
25080
33426
24614
27338
27839
25470
25008
27671
25659
28491
28540
28798
24715
28302
30161
27974
26409
28326
28084
27402
26818
28902
26632
26466
26309
29788
27819
27501
24625
27968
27331
25783
30218
28820
30172
27485
25229
26259
26667
31801
32051
28731
31152
28402
29569
30003
29942
28355
29344
33253
29522
31998
30781
29403
29811
29809
29535
29423
28882
29837
28917
29606
32876
29544
28092
29515
28058
29334
28633
29047
28715
29738
28392
25974
33403
30659
27986
29591
28640
29379
28646
28985
29753
29643
28500
29089
36748
29583
29752
27305
27172
27168
26967
30680
27528
27182
24001
25732
29283
25127
25098
28428
27101
27223
26827
26669
25958
28471
25550
26031
25594
31661
30350
26072
25342
25605
28810
26325
24417
27486
35000
23924
25052
26099
30720
26058
24256
26030
27518
25737
25644
25545
28725
26648
26013
28369
28028
25532
25635
25849
31750
29371
29777
28259
29400
28520
29535
27472
29222
27685
28998
28867
30829
31502
30515
26174
30392
24279
30621
25853
30240
35587
29568
31939
26733
30577
26229
31517
26315
30468
26248
30378
28025
31748
27174
30519
25810
30366
25951
30416
32726
31463
26006
30240
25813
30256
25802
29880
26398
33280
26072
30350
26328
31626
28171
27593
32172
26805
30496
26207
30871
29763
29692
29420
35088
31510
29215
27548
29847
27971
28859
27577
29091
28396
27455
28381
28838
27855
30444
27550
29209
27858
30028
27917
29110
29675
28477
34339
26926
30837
28164
29880
29571
30500
28969
29011
32803
27790
29785
33235
29388
28428
29146
28112
29399
29904
33392
26606
30431
24365
30391
27518
28789
28195
30806
29585
29011
27733
29632
27873
27384
28174
30705
27393
29007
27319
30423
27724
231271
34327
73495
208826
48643
29644
35403
50686
49686
29097
42643
28361
32740
27487
29246
27474
29148
28032
27121
28524
32120
30376
26809
29750
27102
28727
26381
30045
29831
26477
31943
25044
30962
32145
30735
82996
45720
33139
30930
29871
31078
26152
35782
29076
40566
29764
29086
33411
27574
27162
27116
26394
27269
29628
31050
35226
28282
30709
28042
31007
28386
26186
27609
33890
40161
27958
30736
28078
25505
29633
29595
23845
26645
30464
39875
31572
23432
25103
27050
33382
29767
28115
27709
24284
32816
25873
26374
378342
45216
112769
70837
29239
24841
20919
28758
23073
31323
26237
23046
21519
23214
25130
21363
22962
33134
24737
37697
16172
31368
24679
29731
26588
29427
26626
25976
27666
24035
24799
22281
27130
17976
23443
26080
31269
26208
22796
25805
23387
25416
25307
24989
22604
26918
22320
26814
22818
25040
51074
25395
24066
27641
24421
25618
22609
100895
47133
24654
38400
27000
26961
21384
23719
25902
27877
23779
23503
27532
24722
22883
24346
24448
24581
23515
30704
28148
27615
23677
24064
22032
24518
21475
22683
24740
35110
29630
28401
22582
23081
28345
28896
18897
26972
22595
33754
25728
13082
22526
17987
16156
22142
16588
22123
21985
19649
26073
20885
32162
14689
20731
25907
23713
21382
25139
22237
22139
24769
17693
22219
22608
22175
20761
23152
19501
24642
23468
18063
16568
30420
14741
21177
25500
23605
22771
22406
23761
31844
31349
16507
33399
23981
18284
20349
18526
30779
28212
20846
27822
25863
23214
22123
18874
21910
17250
18262
21534
29796
28841
24762
19735
20440
22194
17518
19925
22243
19618
45512
26786
27779
29617
26381
4265083
31411
25005
23537
28743
26181
31904
27328
26271
41915
26048
27146
30090
27292
23480
25524
23101
37265
26327
25762
25892
22669
26217
23652
24031
34609
25203
26342
22508
25395
23956
25062
22599
24149
20614
21248
28181
22551
16751
27009
24528
24926
22514
24729
24331
34727
24664
26574
31969
36071
22648
27196
24103
25318
26066
25571
22727
27875
22409
24913
23982
28307
22902
26002
36676
22497
25553
22373
24000
24820
27434
30704
24071
29450
22704
19993
20074
22063
20710
17219
22691
22322
18320
18110
22486
22182
20369
21311
22241
19127
20961
22487
18641
18360
20588
38912
17723
19001
17770
23394
23479
20873
18145
29353
22855
20512
21229
20487
18471
29557
22938
20278
19254
29390
20513
31761
30298
27418
28341
25893
26179
23324
28206
23152
25957
23042
25853
24721
25651
22735
31648
24943
25752
23075
26130
24668
25700
23055
25348
28029
24897
27016
23311
27139
23082
25967
22823
25619
32779
26179
22954
25867
22408
27479
22924
25624
23061
26084
24224
25859
22685
27369
22774
25841
22437
25830
24512
25936
22785
27557
22711
26160
22769
25904
24503
25415
24194
23342
21829
22528
27107
22987
26463
22822
24895
22682
25041
24218
25102
22643
26465
22562
25039
22644
25036
23905
25184
22780
26425
23095
24813
22878
24764
24329
25128
22944
26692
22956
25033
22566
24581
24443
25099
22732
26648
22401
24753
22910
24759
24395
24923
22709
26220
22939
24836
22649
24893
24113
24886
22826
26396
22618
24822
22887
24726
24002
25094
22518
26280
22639
24577
22816
24876
24689
24705
22639
26280
22512
25153
24268
24843
22415
27210
22647
24747
22930
25036
24439
25076
22550
34525
24112
21755
17450
24856
23046
25870
26051
28313
22530
32396
26894
21983
20989
29402
23874
18192
29244
27229
24268
25615
31025
26713
23547
22709
24322
26806
26028
29468
28556
24461
22822
24843
29404
25854
22909
25470
23146
27244
22150
25848
22723
25208
25393
26331
23318
26112
22818
27285
22615
25396
30915
26887
24598
22897
23170
22350
1132554
30117
27897
26687
25362
30755
23978
27683
24450
25481
27096
721784
18481
30782
23957
21524
22878
22637
25203
29097
26139
26942
18692
25809
25034
22841
26378
18557
25888
28671
18532
18902
27188
29875
25105
26699
29340
25214
24326
22920
26972
27622
23054
22077
28594
34544
30378
30138
27860
26143
30638
28688
26703
25702
30053
28762
26793
24719
27810
25091
26122
25269
27072
25657
25442
26547
25498
26833
28048
29837
26299
27716
24888
26163
23185
29760
24261
28501
21909
25251
26849
23833
26855
27431
27216
26678
21769
22028
25205
24827
26853
27948
26507
24933
26793
25139
27732
24025
26417
25054
28147
24148
26030
23621
27376
22385
25473
24027
27136
24104
25949
26181
25125
26190
28466
27577
25714
25295
28196
23468
25362
29320
26003
23729
23057
24922
26150
27694
25048
25405
23706
27762
23784
29747
23581
22361
21549
25066
25845
23789
28341
19206
24863
25777
20574
23683
24107
20592
18426
20414
20402
22445
24068
21059
21628
20809
25777
24914
23079
24229
25608
20692
18774
17870
16610
16517
18180
20895
22924
20446
21322
26329
27982
23376
28583
26553
22252
24545
21990
21466
18542
19494
21534
20680
18561
24447
24458
20298
26399
28708
20648
18841
23526
26665
19782
18087
18326
20189
23206
26428
21869
27490
26751
19680
23007
18173
24898
24671
20813
18533
28744
23748
19396
23795
26572
31903
22161
20790
26135
27411
16718
19854
26938
20044
19192
22939
26639
28745
21403
19288
20232
21857
26312
24147
25417
19357
24038
25250
21525
18922
25089
24029
22209
22353
22895
21118
24264
22630
21403
23010
20884
20704
28886
21303
19721
25106
20156
19605
24567
25338
26614
29029
26351
20954
20619
22591
21149
25977
26434
28015
23587
24027
20941
25303
26315
27584
23705
24156
20373
24950
26218
27717
27309
30319
90003
26655
39849
18554
16800
34477
23109
19030
22412
289787
30092
168737
27257
154987
24463
151782
23588
149596
23694
149110
23477
147632
23784
150359
23441
42514
23875
21897
25445
23077
22813
24470
22535
21583
25180
27878
19046
23613
22783
21943
32919
24848
19058
20643
23812
22966
22333
22388
22262
31223
31279
23328
31205
28116
35473
36751
23155
23618
25056
18268
20468
21247
32714
34017
21811
29273
22658
28559
22916
22398
28516
23139
22799
29441
22536
22388
29772
26410
25980
26397
21435
25519
24603
17736
16802
26417
58827
30292
37716
23106
25471
26279
23251
21487
27741
22421
22947
30322
22975
21525
28848
22071
22534
28312
22734
21213
22751
40128
19155
629958
31949
27050
22250
33180
25130
24917
21587
20603
16662
14480
14964
20039
18189
17223
23395
20740
18066
14911
15362
14497
20168
21937
17818
22472
21578
19853
19751
19323
20701
21881
21882
19164
19185
19300
25631
19559
21018
16711
21847
28720
24313
21402
23983
27332
25242
33013
25362
26410
21671
21488
33158
23884
22031
23593
21346
32481
23963
26200
25898
26071
27812
18967
23938
22960
31656
28402
22941
24019
24067
25218
22400
21716
22766
26268
25299
20753
26507
23335
26194
21014
31431
28033
22557
29103
29145
23154
78241
32391
37816
49590
25858
41441
19917
19669
34081
22696
22416
21450
25416
32253
25211
24371
27048
20196
23057
26578
28626
21407
26805
26231
21682
25137
24478
19866
20741
19508
32384
25378
19866
18323
20217
25404
28999
3023598
26168
20544
31657
25790
28773
24992
22288
30478
20930
21215
19718
18540
30995
25961
20176
26963
28038
20641
19826
27091
19736
19278
20906
20040
17955
17199
17311
21025
23719
25759
22158
17381
20215
19273
22296
22740
32548
24907
22720
27351
27890
21977
22299
27061
27812
19176
20370
26330
28634
19181
18532
22965
21675
19961
18361
22698
22910
18869
20471
21769
30850
26466
21919
25867
28376
22053
21820
26221
29238
18779
19045
20779
31151
25909
22130
25755
28212
21350
32166
24498
22501
27182
28734
23175
27311
28009
21467
18867
19836
22083
18852
19690
22188
18739
19713
21635
24867
23583
22088
18807
19802
22217
19697
16240
22455
31901
17985
23053
17329
17039
27223
18736
19151
20867
19350
22609
20583
16242
16825
17888
20958
21740
19207
26930
27110
19448
18502
26362
24286
29507
22420
19898
23985
21530
21696
21512
32619
25238
23503
32418
23762
33732
23732
29251
20098
34150
22893
25722
32261
24506
34881
25483
24442
23051
22883
22207
20751
25530
22586
23503
25176
34420
24455
23332
23173
23234
23170
20990
27466
22170
22975
23440
21828
20844
22560
21930
23320
21213
22875
23466
21943
20831
22672
21706
24006
21393
23864
21699
22193
22394
21637
20798
23960
21648
23156
21074
22861
23277
22321
21009
24169
21424
21753
22579
22229
20928
24014
21792
22847
23037
21713
20878
23875
21619
22969
23131
21739
21060
23135
21682
24319
21455
22677
21491
21544
23634
22233
21013
26921
21653
21798
37348
23213
22123
25327
22411
23446
23874
28633
21460
24954
32118
27739
22731
21468
24697
23540
21810
24927
24423
22485
25428
23132
23786
23989
28171
23973
23512
21430
19209
20568
23174
22005
26774
25994
37990
21334
22923
25620
22353
28406
19563
23580
20321
34027
23869
26470
23522
24002
31918
18938
19415
23380
24404
25650
23684
22982
20038
33540
23778
28434
29367
26205
26763
20147
25820
34125
22419
18339
22898
22509
22864
27416
22381
23987
23274
23304
27164
24697
32834
23739
90318
20201
20132
22584
24202
22593
22385
27455
25713
22566
21976
18100
28886
23577
21699
24402
21803
22341
22398
21855
21241
24166
22009
23007
23011
22125
20035
22760
21531
23914
21816
22660
22924
21896
22696
23630
20766
23057
23256
21835
20889
23215
20670
22947
22991
21824
21172
23839
21363
22806
23265
21802
20780
25267
21755
22514
23100
22167
20847
23926
21607
22826
23052
22184
20671
23959
22047
22617
22965
21946
20703
23753
21423
22547
22251
21997
20820
23776
21783
22603
22750
23234
20856
23801
22883
23009
22908
21941
20701
23831
21529
22558
22935
22137
20601
24138
21452
28243
26832
20758
21293
22802
24107
23916
23441
22027
28253
28058
28046
26824
25402
26457
24438
28290
23334
21234
23198
23584
22195
21181
24043
21977
21891
21244
21989
22760
21766
21194
23991
21790
22568
21073
22771
23110
22272
20804
22474
21596
23197
21067
22828
21879
21751
22835
21788
20832
24021
21516
21943
20893
22746
23349
21718
20847
23905
21611
23371
21006
22924
23034
22032
20790
22876
21603
23428
21186
23290
21368
22954
23322
22000
21283
23997
21600
21846
22478
22791
23374
21881
21219
21914
21078
24146
21827
22051
21143
22106
22823
21947
21093
23131
20825
24600
21505
23184
23416
22037
20883
35281
24915
22381
19437
18057
26816
22670
17622
17331
19216
17034
16953
24168
17017
19627
18808
18367
19525
19617
26141
27008
19822
18929
26768
21072
16984
22018
20557
19398
26206
23252
17632
21479
20703
19192
20901
18833
19210
20305
16582
15539
20434
31587
12299
22205
22898
28363
24153
19285
16438
18657
20962
18364
25457
20713
22397
22179
19741
21054
26657
23299
20682
22653
22018
23956
25335
23802
23095
22074
22300
21420
19897
19372
13831
19357
20654
23157
22329
21565
18137
25164
22018
19097
21481
19032
23687
21069
21654
26091
22536
20320
22346
21854
22315
23537
24906
23285
21011
22020
20706
23555
24309
21044
19154
20242
22313
17773
17619
33954
25718
22214
21309
27124
27618
17411
19510
85662
33904
34275
28497
45879
28321
23223
22070
22764
19479
22607
22457
17334
20308
29825
29447
20951
17741
18481
21712
21559
20607
18502
21418
33918
23979
31405
19738
20849
21589
27761
30321
22655
26589
28926
22937
20731
17785
21110
20446
18013
21685
24668
25838
20668
18561
35289
24870
19711
20328
24144
20321
27338
27954
20757
23186
23044
24331
21935
17910
16593
32647
19962
22700
22559
17645
22514
19128
21136
20105
19332
21428
25697
25728
21956
19308
25766
23340
20120
20587
22173
19771
19269
20921
24640
24810
21808
20744
20074
20615
19312
18643
18552
20941
26094
25467
19028
19829
20905
19417
18962
20622
25418
24163
19661
21822
23222
22684
19449
23523
25542
23451
19704
25770
26107
20625
23013
23314
24353
22409
25035
26136
21816
18726
26082
22793
18535
19864
24245
21748
21832
25551
26568
21154
24405
25518
29716
25599
26035
23981
23680
26753
25042
25304
23312
26221
23107
24757
21423
28354
23740
23426
26410
33919
26838
26327
25363
25105
26968
25359
25144
23225
27293
22908
27369
25075
29796
26114
27376
26266
31228
23009
21776
21561
26295
26705
30922
23482
21283
25682
23087
22362
21044
23995
25093
22921
20500
21599
21201
22243
32573
25328
25336
22793
25405
22267
21430
24958
25544
35239
22360
24179
32776
25485
26465
25282
24293
21544
22944
23729
26974
24056
25612
34401
33045
32903
34456
33527
32807
29883
33134
30147
23669
23630
25989
32490
28619
23560
25688
23115
18067
19351
18489
20007
21826
35639
22904
26971
19800
25297
19486
26661
19129
24404
18787
24040
19315
24561
19251
24239
18952
29929
27031
25800
21711
19073
17912
18632
22382
16494
17694
18094
28326
26187
20880
23733
19118
19241
17970
19825
16217
20176
20254
19223
18019
17887
17978
23543
21898
17361
22620
22500
19263
18974
23548
21511
17558
17289
16644
17233
23699
21540
17205
17366
21972
16253
19044
17225
22276
23002
23389
30307
17473
23565
21453
17643
16749
122507
29321
32612
26104
25220
25874
21892
24221
17135
18247
22884
33736
21202
34843
22206
23366
19300
18890
33460
23441
22141
21997
19272
20210
21299
24788
19862
33690
28141
24808
26457
33460
24690
36555
33478
27063
26344
35987
25106
24038
24253
22482
24544
23793
21506
37150
30017
23894
27839
26251
22239
35675
26546
24259
25126
20182
22174
22710
23366
26530
26014
23179
35061
24453
22373
22514
22670
21237
20672
23300
28377
24924
20455
24447
23824
29767
24562
18178
33727
24712
25794
23064
25703
24375
23328
26274
34016
27021
24650
21706
24734
22913
23322
33238
23064
25930
19971
26101
23838
21482
26881
33244
26883
24608
22477
24364
24210
23137
33630
22924
21178
19765
23650
23524
23173
29998
24452
18512
23799
24725
23534
22093
23226
28706
26386
25744
27069
23689
21367
23502
21682
23374
20585
25973
20792
22900
22156
22881
20633
37799
25990
22554
22521
23473
23513
20617
21630
26806
22393
19455
24287
27907
24091
22306
20551
21562
20340
21795
33591
22658
18167
16394
15170
22013
23856
20933
20964
32701
20678
25586
33651
22624
18636
14694
15964
24598
24391
21148
32311
24435
22946
20809
21855
27062
22646
20022
24007
20944
21773
21583
21807
33795
25560
25968
33840
26654
27860
20562
25273
28513
24280
35125
25263
24422
29383
24948
19699
16683
21029
22482
33057
23361
24867
21962
23297
23364
20487
22057
32618
23532
22814
33216
22852
24985
27963
26766
22389
22069
21544
25891
20708
25331
26513
21703
21794
27716
22020
19617
25894
25151
21603
24713
22429
34340
22121
23700
23662
24624
32686
23623
25525
22954
21643
24289
22890
34126
22166
23931
22892
23255
22350
21120
24012
22877
32250
24218
23261
23582
24850
33138
23168
25581
23033
21430
33678
22831
23680
23563
22471
23973
21593
22897
24558
33932
22509
25566
33422
22879
25566
22815
22841
24032
22555
33094
23186
23809
23842
23332
32196
23983
25250
22880
21641
24704
21882
22107
23298
33636
22849
22395
23977
24660
33683
22705
23425
23610
25196
33597
21953
23725
23501
24919
31437
24805
25459
26128
24443
22716
22824
23974
22963
21844
23315
33823
21898
23970
22862
23296
33536
22839
25703
23093
21544
23869
23045
22141
23765
22142
21670
33416
22738
23082
23323
22234
33721
22607
23846
34979
21203
27670
23175
22753
23307
23323
20384
23409
20175
20789
22462
21672
19775
23492
19959
20941
22492
22061
19807
23752
20277
20825
22267
22343
19827
23468
19508
22564
22527
22088
20025
22941
19706
21000
21757
22395
20233
21823
21385
21819
25232
20125
20391
22800
21263
20085
22896
20768
21772
25047
24078
26221
23509
21034
20890
24791
19829
20267
26180
22363
19183
23795
20881
20876
21745
21035
19961
24106
23993
26530
23899
21064
20014
24329
19956
20814
22861
22762
19583
22174
22875
21873
61767
20695
28359
23160
21591
24569
21924
22437
23809
21564
22088
24387
21268
27295
21741
19871
27628
22003
20429
22922
24006
21625
22056
23836
21341
21875
23987
21404
22527
23721
21434
22340
23827
21390
22064
24243
21663
21786
23948
25382
21235
24114
21882
21784
23935
21586
20866
28155
25252
21416
26505
26426
26542
21939
27079
27850
22346
21467
34926
22087
22026
26433
27655
27172
21477
28334
26416
26718
21089
21228
24744
20760
27738
22173
27333
26228
23972
23233
27503
22201
31393
25292
23122
22848
101661
33384
25775
64831
27204
24359
26930
29133
25129
23037
24586
30140
25889
33205
29557
27711
25748
26495
26695
26285
24366
23651
25686
25446
25059
23743
30653
28570
27450
24747
24095
28152
27947
27385
23388
24282
22048
23912
22079
23876
26162
29664
2567552
17810
20011
24843
24071
28246
26373
28433
30556
28141
24936
27319
30201
24659
27021
24836
27394
24616
26924
27555
29238
26205
24414
24671
28783
27533
28086
27345
22708
24417
23093
22882
25601
24263
21714
24293
22211
22035
23398
21916
21046
25091
22992
22739
25925
23479
26945
29276
26743
25512
25516
24247
25092
22330
26195
23599
23579
23918
24740
30503
23971
27521
23351
25159
26740
23954
24281
26043
25401
24556
20906
22935
22539
21572
20320
23765
20808
21846
23199
21605
20465
23638
20928
24810
24789
22190
20463
24601
20381
21623
22814
23696
25924
24699
20568
20959
22392
21413
20691
23252
20463
23052
24372
24718
22250
22526
21787
21034
23707
21609
21501
22828
21600
20852
24961
21166
21435
23241
21284
20830
25941
25381
21121
22535
22263
21812
22892
25878
21036
24296
21540
20547
23519
23714
24792
24899
20437
21139
22482
21853
20414
23639
20475
26073
23368
20607
21181
23388
21309
20556
23167
25608
22367
22772
21411
20862
26013
21452
21509
26384
23224
21411
22518
21815
20665
26357
22835
21621
22681
21765
21098
24442
21891
20630
20377
20933
21741
27463
24945
22730
23182
22525
21515
22573
24406
20904
25453
22993
24294
23208
24084
22418
22402
32504
26643
23205
28390
22483
24257
22535
22979
24127
23167
21894
25969
22183
26548
25726
22375
25427
23914
21296
23752
25937
24404
22897
20532
20953
21910
23988
22742
26327
22670
21420
21137
21744
23788
22599
25022
23841
21954
26412
24936
22612
22472
25488
24651
24896
21844
22195
23187
21532
21497
22710
20897
22356
22116
22305
21298
21223
22603
21647
23289
21048
20985
22992
20601
20992
22933
21287
24176
21855
23314
23379
26566
21791
24947
26525
22408
20163
23236
20618
21804
23202
23118
21403
23265
26114
24970
24771
22390
22670
25383
24161
22973
23169
21641
21248
23512
22762
22608
24707
22691
21891
23739
22315
21698
21552
21539
20121
17801
24911
22839
18988
19557
17490
19622
17817
19564
25319
24053
21319
17996
20316
22633
22031
23689
23856
24583
24449
24656
21950
21872
26465
22788
21961
20862
19635
20128
26929
22006
23004
19433
23757
24590
20963
19704
26571
22634
19765
23810
21327
29408
26149
21242
20559
22507
22310
18555
22149
22349
19024
21993
22805
21340
18829
21975
21851
19809
21603
19814
26429
24414
19897
25974
20931
24680
29718
20089
19393
22251
19193
21409
23227
20847
19411
28929
22649
35369
31446
25762
21639
23828
21615
23920
37138
19661
21362
19785
24555
22880
22015
20225
20945
16902
20987
19710
20834
20010
18481
18581
21406
84537
64266
37601
28354
27066
24029
21521
27807
25331
32267
28272
22054
31507
28206
21016
20035
26194
22197
20170
23730
26442
23528
27170
22652
20610
23712
25865
20764
22631
26353
21518
17919
23308
20938
24872
22842
22978
24513
22100
22587
22829
22538
24707
21951
22779
22578
22387
24552
21628
25020
21251
21712
23036
21444
21565
23304
19867
24848
27263
22393
21112
27752
21603
17839
19533
28758
24441
19160
22231
18936
27160
25743
26131
21504
16708
17301
21534
21981
18665
23919
18950
17981
22968
19845
18527
27183
21700
17989
19718
28039
25097
25165
22240
19995
19135
26944
26834
18427
19021
16232
21241
16960
19658
19015
23179
18230
17322
21093
18774
16627
18771
17736
17613
16984
18650
16686
17527
21246
25116
24892
21326
16861
17734
21184
24417
24940
21264
16761
18235
18112
17099
16672
20955
16944
17537
21416
24141
26419
20807
20175
21971
19264
16546
21536
17524
17805
17978
18449
16690
17367
21123
24904
25225
21638
16970
18083
17694
17679
13714
20983
23981
16136
21152
16158
19043
22325
24779
22256
19038
15220
14608
14649
23050
17927
17893
18619
18824
28261
26513
18284
25900
21691
19543
22226
17035
16376
18390
18043
16234
19620
17310
16935
18088
18987
18077
18737
23971
16932
16638
22707
17412
17801
21045
24247
24663
21490
16726
18015
21013
17707
16549
21022
16653
17277
20748
17641
16648
21043
16766
17735
21452
17704
16576
19761
16844
17806
19995
18510
16543
20500
28980
26572
20490
16409
16337
23793
20300
18140
30366
21808
19748
21551
19993
19612
24184
23610
27218
23589
20897
24231
23552
26489
22676
29068
26253
28967
26845
21762
25754
26174
21832
20625
23776
20603
23486
23710
24380
22380
24302
21007
24535
27228
34990
24390
24566
29419
26034
26726
21167
19984
23746
20120
23070
19960
19260
23950
21376
23501
21926
21690
19045
20838
21720
21260
23180
19632
20895
20584
21646
22076
21468
19340
20630
21535
21870
22203
19953
21149
21615
21030
23307
20602
27523
27502
22429
22261
28302
21690
20967
21424
23580
22151
19403
22732
27100
21654
20440
19329
25739
22235
16805
18358
21847
26177
22333
20513
21120
20109
21623
27106
29428
18910
19370
22984
21513
28204
27274
20923
22379
23108
18869
22447
26588
22585
20421
15874
18899
20736
15970
19430
22700
28130
27487
32678
18982
25150
19087
17018
21122
17033
18119
22309
24902
26092
21852
17106
17871
29945
22873
20777
21114
16828
73658
30154
78073
25115
20079
19510
22685
26616
29399
26653
23669
26118
22677
22926
31172
27884
26976
23198
27447
25302
20785
23808
22814
19164
19669
25154
23475
21809
26051
23567
22307
20405
21611
22502
23392
20679
19360
26152
26240
20987
21597
24476
23045
27626
22323
22137
23259
23207
21870
23325
22444
18468
19365
22345
19498
27772
21812
19721
24837
22187
28332
24575
25363
28437
21130
27387
21898
22473
22124
19604
22941
22330
21961
23956
20394
21778
26541
26027
22280
28542
21639
20849
21454
22807
21319
24395
26224
28228
21563
18227
22370
23367
24824
19301
23163
20292
20971
28611
27688
23368
20294
22590
14392
27617
17560
21538
22604
19845
21527
19890
17573
24405
20564
20915
21978
27283
28022
25167
18084
21536
20456
19440
19006
19132
19109
19010
18900
19077
18850
20038
23416
19317
18048
18926
23111
27951
23545
20952
17665
18748
19819
23659
19309
19278
19017
19401
19402
19081
18870
27326
21647
18078
19503
19301
18974
19174
18880
19281
18931
18957
19042
19161
18906
18881
27212
21702
17578
20156
28042
24793
20016
27387
26965
18968
27356
21555
17533
22492
26386
18124
21102
19256
19976
26643
21392
17368
22238
26301
18187
28350
17788
18130
24304
24414
20254
20503
26897
22077
19007
20177
20240
20354
19846
19373
20367
19323
26669
21741
17567
19428
18891
27006
21570
18926
20185
20522
20347
25760
22353
18726
20522
21521
20352
19665
19170
25882
22457
17664
20861
19145
26703
22595
17576
20062
21140
19403
18503
20517
19286
19117
26121
22602
17313
27931
21742
19035
21347
19184
26596
21507
17370
26380
22200
18829
19610
20586
19094
26606
22599
17763
20347
26243
26123
20219
28322
25234
20320
38465
18165
20760
22101
19704
17703
17786
18236
18812
25525
22025
16635
17146
16147
25789
25629
20588
18316
19732
17190
18945
17681
57716
18939
21186
17748
18317
17531
18479
17407
18583
17525
18658
17636
18550
17192
18416
19040
18421
17212
18711
17538
18444
17469
18390
34727
21157
28720
25911
18653
22961
21250
16400
15572
16417
17882
17540
17480
26028
18534
20127
18976
19860
17464
20251
18396
18035
17279
18546
17633
17899
17190
18858
17174
18229
18692
18243
17246
18526
17128
18678
19320
19493
17545
18339
17282
18314
17209
18336
17405
18614
17282
18466
17300
17860
20097
20876
17603
16722
15279
15456
18903
19391
16468
20470
19577
17492
18263
17538
18152
17412
18021
17458
18033
17453
18440
17452
17791
20192
20262
18748
20722
17573
20443
19594
21540
18317
22655
18025
19678
19543
17870
18221
18370
17656
18374
17515
18455
17353
18145
17478
18192
17350
19703
17521
18462
17301
18230
17650
18222
17427
18396
17535
17832
17312
18236
20151
20303
17536
19960
20128
23190
18990
22073
30276
21650
19717
18502
21511
17647
17055
15122
15302
15249
23305
16699
20441
18209
29814
22778
19964
16539
20998
19561
24529
22058
19259
20657
20177
18837
19157
20015
18664
20458
27963
26518
17199
15236
18618
20509
19389
21268
30233
21571
17796
17137
20117
29737
21336
21484
19320
18520
20426
18516
19254
18953
19055
18518
20229
18251
19313
18520
19008
18774
20535
18441
19151
18620
19224
18754
21895
18762
19199
20442
19158
18351
21897
18387
18970
20170
18972
18506
21645
18778
19138
20246
19337
18499
21812
18470
18970
20303
19091
18428
21645
18689
18995
20472
19021
18546
22125
18468
19152
20219
19151
18763
21871
18517
18957
20064
19319
18622
21984
18666
18932
20487
19327
18568
21603
18415
19043
20212
19095
18332
22165
18470
19226
19731
19664
28585
26324
17118
15722
14992
19069
17366
19123
22839
18983
29098
21505
17737
19819
30447
20736
21299
18328
19992
28019
29365
22324
19439
20797
17801
19371
29500
90536
25507
23210
22134
21268
32433
24140
25719
26451
23400
23665
27062
28141
28579
23927
20574
23556
22913
22564
27806
28022
24167
19664
21591
22884
22322
19187
24483
19096
21653
22417
22024
18990
24638
19007
21492
22130
22248
18996
24105
18612
22233
22053
21884
18715
24720
19253
21552
22284
22285
18857
24194
19014
21677
22496
21727
18680
24110
19163
21553
22558
22017
18873
24482
18807
21591
22300
21984
18772
24637
18795
21452
22286
21677
18810
24297
18752
22074
22422
21851
18588
24733
28148
27757
23532
19925
21835
20823
21877
20953
23072
28008
26979
24755
22130
19321
24315
19706
22066
20693
21993
18795
24323
13452
27207
18960
21074
25298
27175
23220
24675
21805
19673
23946
25110
22268
18841
21068
23813
26354
18833
20472
19130
20748
23853
25429
18968
22418
21265
21238
27192
23550
18541
21264
24323
22613
20836
23042
19200
20452
25598
22823
18906
23515
19364
20869
24411
26589
18761
22446
27586
22100
19948
21527
19043
24236
24429
21184
21125
23461
22315
17335
18154
20746
31878
23321
17462
24333
22239
21184
20413
23998
20384
21919
24208
17777
20055
22046
20584
18784
23246
19525
21910
21067
25773
25537
18105
23442
25479
22047
19286
23063
19010
20818
26477
21954
18822
24474
28778
22459
23626
20743
25201
30280
22373
27559
28720
18992
21710
27270
23994
20981
34809
21460
22165
22073
22899
29146
23825
14927
18591
14456
14515
23731
25378
35012
25221
25468
34500
24556
22919
34967
26413
22700
23918
23756
19757
24601
21433
33567
25437
25049
24006
23779
19409
22814
13760
31076
25868
22588
19502
23323
26459
23772
67908
35938
30696
26353
19528
14905
15651
31653
25915
26765
29035
24359
26279
28940
25485
24793
17578
1027771
19002
36552
23916
24627
23481
21941
25015
25548
34638
30231
23210
24916
24351
24104
20862
36737
21816
29519
28768
25034
29638
24347
22214
30483
19059
17110
34762
21183
23448
22427
22808
20556
22522
22529
22449
20792
24198
20767
22203
22603
22485
20949
33248
23442
22293
23414
24340
33317
22952
23956
34615
25021
24150
19954
24587
27993
21937
19932
32577
27222
24574
28976
23211
24436
20912
24008
23188
30985
28358
22849
30545
22937
32230
25475
23044
29798
29818
26678
29038
26926
17521
24324
23489
26438
19677
21260
22966
27633
26902
26816
26336
27132
26099
24365
25297
26390
26553
26604
25479
27125
25266
26237
26194
26010
26260
26788
25780
27621
25624
23894
25120
26002
26578
26420
25343
27437
25709
23911
25417
26459
26935
21665
24337
21905
44195
21780
35484
26065
24094
26609
27171
21668
25092
21659
35123
24509
23206
34603
24655
23114
21248
27878
25351
24392
25982
23215
21859
25140
20848
23550
22276
23153
21279
24829
20803
23314
22205
23109
20839
24515
21044
23447
22531
23098
20664
24979
20901
23225
22325
23307
20858
24866
21211
23346
22081
23442
23696
22246
24509
22330
29381
29504
23834
21457
23409
22807
23213
20815
24852
20961
23101
22304
23725
21125
24380
24464
20657
25173
23362
32473
24044
21507
18263
26686
24686
28009
28049
22333
23744
23177
28264
28121
25215
22855
23835
24233
30518
35877
24106
24703
23289
24856
22533
23368
24200
23447
22390
25004
22536
23500
23902
33953
22538
24252
34604
29493
22271
29212
26072
27451
24555
25731
23878
25187
23209
22741
24442
23066
22264
24613
22774
22929
24491
22635
22592
33140
23157
23955
23439
23172
22489
32175
27249
23055
23051
24879
22784
31677
24535
24173
26383
22912
31872
28330
24202
29228
23088
22107
19524
22715
23046
24712
32670
23486
26116
26382
22676
23100
30173
27509
27231
31777
26071
25083
17012
16871
19554
21673
33701
25361
23446
24927
22170
25047
20686
34123
27437
21193
27592
24479
25174
24266
25687
26971
25571
25969
25067
23984
22819
26493
21045
26509
21030
24423
22499
24769
20801
25758
20597
24494
22617
24502
20814
26305
20753
23910
22139
24497
21167
32652
27035
24669
27405
23401
24721
22939
29598
30135
24911
26336
23745
27156
27627
21993
23100
21504
34953
25123
23046
26729
22391
24829
22043
32699
27500
22970
29307
22570
28481
21909
32366
27252
27649
25728
22687
24862
23850
24206
25866
26223
31140
27346
35421
15420
22162
27645
22702
21827
22762
33348
21324
18514
28089
27875
22911
34562
21412
25315
32749
23461
15880
24240
39489
25172
21880
19537
24961
27353
24177
21921
18900
33501
22136
22959
22786
23904
22100
20629
31421
26869
22183
19949
21807
23442
22230
17564
17304
21477
18617
21877
20454
22249
24500
21102
17181
20910
27047
26206
22079
22288
21934
22342
26901
25123
22950
19038
32834
25193
21168
20974
28866
27062
23230
20542
21833
26876
24923
19705
22371
25536
25381
21822
21401
19559
20911
25926
25839
22843
24626
19815
21598
26041
24839
19569
22648
25340
26150
21747
32899
22770
22006
26123
19812
22758
32337
24450
22347
22089
26750
25929
22217
21544
21380
23760
21231
16569
19010
20907
19410
31933
19885
22671
19998
22883
19779
22687
19609
24172
19792
22560
21514
20528
24719
21315
19103
22402
30967
26645
28289
24988
22311
23910
22071
22559
23090
30448
33334
25381
24038
21740
28573
26568
22596
27300
23352
18081
27251
24992
20059
37030
19695
30625
20243
22578
25303
23508
19329
23534
26301
28619
25670
27222
28917
24236
19361
21896
26740
27913
19454
21547
19149
21663
18754
21620
20510
21779
18919
22843
18819
21595
20549
21993
26148
28470
19233
21813
20470
21393
18798
23187
25885
28529
21244
21768
19928
23916
19289
21933
20689
21091
26552
28196
23034
22446
23664
19848
22140
20953
21783
18995
23000
19056
21442
27517
27263
22682
28508
24284
24873
29103
21109
26305
18569
21529
17002
23395
19950
28879
26290
23416
22014
30343
23613
23139
29600
21781
17534
18236
20142
22880
21844
23486
19602
22296
20937
22615
19136
23782
19494
22403
20824
22078
19354
24337
19476
22385
21151
22639
19489
24181
28889
26977
21291
32957
24412
23442
22839
20986
22741
19434
24059
19466
22750
20820
22038
20619
24454
19716
22187
24542
34629
21581
23605
26081
21579
24158
19865
24364
19578
22785
20599
22314
18990
24303
19466
21876
21028
22506
19178
24037
19488
22635
20846
22621
19259
73053
43608
31233
27522
26592
23827
28071
30753
27973
26263
23091
18986
27610
19167
17825
19915
20575
18768
17555
25976
26482
18589
18831
17446
17054
26446
26094
18280
18957
17378
17331
26142
26017
18601
18977
17304
18015
17822
17429
26324
25398
18539
17506
25994
26274
18142
19223
16038
21925
23055
20132
22828
21405
22425
19943
23345
21020
22255
21704
22815
19887
24382
20106
22608
21252
22432
20019
24369
19862
22122
21450
22716
19901
23983
20069
22561
21571
22185
19859
24393
20037
22130
21573
22710
19708
36252
23239
22228
25717
20940
23614
23841
25993
22342
23447
20085
23927
19381
22886
20858
22244
19576
24369
19267
21932
20744
22633
19521
32848
23268
21042
23706
24612
25486
21616
38640
91125
23164
21027
32019
24445
27969
26380
19826
22649
18816
22715
21385
21984
18926
32634
23771
19564
15743
15697
23604
22837
22105
22766
24307
22103
22636
24524
76903
65526
23498
56084
25976
25266
21175
23716
21152
20148
24610
21706
21242
33906
24083
24320
24544
21339
25086
21633
27245
24341
28756
26383
19339
22314
35764
28423
25535
27569
24089
22937
23114
22091
24797
22369
22732
26966
21704
30747
24653
17999
17453
19124
21037
29388
21518
18833
16646
17449
22103
18608
27275
28510
19102
19236
20027
18405
27063
23171
17783
18672
20295
26902
23452
17619
17232
19534
18519
27578
23675
19763
19080
28109
22388
18287
18880
26780
23208
17766
21542
27317
26636
21808
26435
26482
21840
19443
19793
20238
18679
16319
16182
19298
19490
20919
20694
19086
19082
18568
22684
19047
17873
16171
20885
18834
20308
18479
26710
20431
18888
18371
26976
23430
19387
19152
18552
18589
26515
22986
19170
19012
18518
18510
26344
22805
18946
18990
18471
18647
26506
23064
19342
19172
18696
18544
26778
22953
19316
19087
18998
18991
26564
24667
20867
19753
19213
19115
26706
23843
20288
21105
18709
20727
16945
17156
15810
23875
21642
25508
25704
21294
20844
26068
24479
20889
22476
24935
25142
21116
23161
25535
24537
19190
22126
26591
25909
20110
17419
17411
20906
24966
22216
28865
21597
18733
22905
17005
19219
19842
16804
14775
15497
20679
21086
17448
21280
27118
23969
20098
39001
18877
18179
27717
24928
20746
22190
25454
26172
20952
15925
28291
25293
21933
26685
24614
22094
18872
24847
25460
21826
20282
26095
24688
24282
17307
24876
25581
19574
17362
25901
24478
18549
20803
16700
16712
14449
18297
18859
19416
29284
26949
17285
20366
16453
18310
20705
21640
20798
25835
20918
27012
25129
22114
16478
20848
22873
20885
19679
23881
15590
16295
34187
27318
18042
34407
16392
18434
24080
20286
19021
23239
19125
17508
19626
23262
19292
19494
22011
28110
22034
21112
20055
18558
30147
24397
17829
20786
15803
20056
19530
29596
19505
21463
26405
26167
23000
18573
13648
15565
27620
24591
17399
26327
27622
27619
29753
25698
25666
25618
23998
24620
21770
39752
24438
23483
25032
24727
22614
23762
20193
22932
22722
23003
21176
23341
22527
21095
23472
19794
21662
25152
23858
19529
23318
18637
34181
25641
21535
22628
21445
23346
19514
23999
20300
35989
19687
18787
23296
34508
32896
33919
33703
33098
33894
34005
32691
33238
32788
33832
32425
33210
32252
32823
32644
33132
32635
32894
32106
33244
32699
33073
32729
32961
32525
33066
32283
32698
32791
32589
32557
33176
32313
33065
32454
33728
32796
32868
32504
33135
33162
39035
31516
31030
24755
22164
21614
16802
20243
18666
26096
18898
19894
15210
13343
23852
22864
16111
14233
23320
19773
28452
25531
17329
14247
18986
17898
18448
16118
19673
19665
20231
19842
18423
18747
26464
25782
31415
22800
27986
23454
23494
22920
21278
19060
19964
25459
18036
19574
18153
16562
20135
19975
18255
17600
24429
19763
18039
24399
23652
27755
25156
20754
20446
19366
23450
27823
24440
23045
21466
18373
23921
18619
22123
24591
22407
26725
24954
22600
22434
19457
19034
17632
17266
24864
21341
21181
23867
17025
23407
24799
17906
19158
18261
16920
20730
23834
22650
17931
18457
19105
17862
19426
32330
23657
24917
22599
17362
24502
23762
18086
21919
19280
23502
19230
18642
23462
17789
22543
21157
24513
21660
17361
21431
21533
18700
23832
17115
23712
23638
26395
23672
22304
21795
21695
23729
26548
23297
22392
21905
27164
21987
19652
22175
26625
23253
20625
29821
22262
22694
24507
20960
34490
47461
20846
40627
20325
23545
25421
22214
25615
22383
20650
22611
21772
24277
17371
21318
19265
18094
19583
23230
21598
18031
20852
25019
25798
22280
22602
22822
17464
20011
24054
26081
20403
23896
22322
17677
26745
27029
18596
19672
15468
20250
23040
22367
21318
16193
20308
23962
22827
17543
22390
22839
17945
17755
20929
19055
18790
22908
22908
18043
23337
22479
18125
26466
26281
20793
20537
21119
18424
19737
26147
23371
18897
21722
24733
21684
19427
21180
24169
26233
19471
18657
27388
23079
18595
21913
18626
19771
28601
22140
18772
21232
18655
15424
19318
33391
18839
21942
18936
19255
28621
24983
18051
20918
24104
18127
20416
20397
23901
27077
19383
19293
28704
22332
19367
20959
18657
19258
26548
22452
18628
22307
18659
19316
26478
22166
18650
21771
24193
22192
19801
27671
25630
21519
24264
19573
23517
19970
23321
24628
25063
19680
24389
16882
17900
18605
16291
21316
19956
19438
17323
19643
28539
21865
22312
19516
28007
24178
19639
18322
17656
28190
27351
32459
21526
23078
20203
28965
24987
19886
26085
27573
33694
21999
22489
22222
18379
22134
22376
20049
19590
22979
18682
23679
24825
26830
25740
18198
23058
24590
22966
19519
21462
21587
23336
22935
17836
23189
26369
21527
23371
24336
26286
23338
23903
22646
20410
24781
21869
18420
19120
21450
27213
22690
17615
25200
22536
19331
28323
23327
18316
19457
25222
21734
19283
18433
21487
19711
20553
27304
28856
19650
26656
22214
20386
18838
18607
22281
19578
20017
25026
24983
19726
20441
19900
19140
26016
24594
24983
26515
27261
23334
17631
20108
19667
18123
19843
23456
21895
18044
19656
25567
26388
24942
21768
21763
19533
19954
21221
21283
26878
25077
22488
18463
26744
25642
20610
24867
28366
19142
94678
36998
40103
60438
60081
31316
21549
31368
27544
35949
28329
41214
34432
27207
19085
18985
24548
16653
17733
17816
23066
22468
21613
16963
20537
24408
22012
22106
16909
16806
17048
16462
20528
18785
18089
19530
20310
18119
19313
17750
17409
19324
26943
27074
24642
22921
14325
17454
27037
26463
19482
17730
17802
19587
21354
19605
18069
18221
17798
17331
15890
22317
16196
20375
24597
21404
16553
17310
16471
16466
15723
22187
15455
20235
24992
22010
17447
32283
19397
21825
20725
26165
22337
19536
32119
23238
22070
18422
27471
25855
18243
18568
16904
19698
20461
19510
26887
26190
19929
18538
16212
19527
24734
21387
16620
19004
17591
17636
19198
26769
25495
20756
17530
26654
25134
19564
17671
26505
25590
18599
20304
14879
20557
25389
21672
17317
18748
29599
19573
28550
25233
18939
24900
22276
16821
20109
15632
17755
16367
14895
21040
17745
20425
26790
25382
19385
19321
25965
25953
21143
17398
26472
25133
19503
17787
25369
21778
17937
20204
25987
26269
21300
17493
26918
25883
23153
27261
25882
28328
26088
24089
21709
22723
21736
24221
25187
27992
28926
26437
20937
22582
21281
32645
24665
23358
21913
20219
24828
20076
23580
21036
22739
21287
23555
27901
29125
23457
34815
22613
21844
20024
25705
19748
23511
23874
26066
26834
23136
18358
23349
21924
17968
19243
17152
23567
21834
17678
18599
16810
22857
22880
17816
23839
20445
17971
18669
16887
17296
23014
22134
26714
25441
21138
20078
17063
18557
16441
17455
16476
27100
25762
19736
19401
17791
17619
17882
17206
16948
35644
19645
20700
19823
20145
20702
17664
18391
18279
18458
18906
18724
27610
25682
18443
18559
18448
27386
25429
21740
18494
17317
16676
16662
16113
12633
19322
21124
18542
17621
16836
33512
21862
20801
17735
27249
25560
18806
17410
18313
18215
18267
17503
19848
18798
19333
20767
15004
31985
17823
26288
26346
20090
21644
25696
19472
23972
21714
22346
19457
36672
23817
21336
23629
24363
25984
24617
24515
25633
22287
22030
24969
19378
23407
21107
22248
19583
23913
23686
23846
24511
26257
23012
22063
23385
22262
30635
23204
24769
21580
23406
28141
24964
25035
19539
25257
19948
22161
20514
22280
19625
24549
19165
22973
20590
22104
19868
24057
19077
22537
20591
23160
19072
24436
19082
22772
20819
22460
19082
23389
20577
22246
25075
27026
19405
23974
21247
22528
20597
23026
19126
24468
19278
22957
20763
22229
18858
24421
19019
21815
22296
21496
23327
22581
23708
19198
24026
18825
22891
20754
22542
19171
32795
23159
21357
24128
27387
23476
21265
23441
19622
24539
19172
22165
22674
22067
25844
25454
19841
23033
23000
22873
19309
24323
18873
21990
22496
21908
25379
28538
23802
20829
34498
23990
21779
22935
29173
25237
23936
19584
24875
20004
33358
25720
25080
28322
28964
23600
19534
24517
19217
21290
22123
26272
19669
23115
19347
23377
20539
24332
19178
22434
21251
22432
18902
24702
19082
22319
20284
23020
19541
24279
18781
22731
20802
22790
19380
24184
18879
22551
20044
22349
19014
24286
18608
22660
20828
22359
19172
24925
19224
22523
20407
22535
19555
23265
18875
23078
20527
22077
18965
23533
18895
22660
20728
22657
18976
24285
18719
21928
22840
22317
23921
22186
22786
19196
34044
22126
22487
25490
20818
23352
31133
22263
22932
19414
21230
31824
23458
22187
21467
24194
26086
20337
23798
21303
22126
19131
24140
19330
22594
20635
22629
19444
24498
19161
33439
25957
24511
32719
25421
23136
30376
23459
23826
19310
23895
19076
33262
24714
21843
22401
24805
25339
20255
24607
19703
22460
20733
22107
18902
24637
18995
22329
20532
22334
19547
23570
18814
22584
20404
22077
19340
34325
23786
22977
25488
21099
34079
23722
23187
23061
19255
21794
25277
22563
19715
23670
19751
22869
20610
22713
19270
24600
18952
23543
20768
22234
19164
24399
18582
22612
20754
22820
18900
24472
18680
23238
20660
22717
18958
24328
19073
22957
20639
22690
19037
24276
18944
23331
21263
21495
23961
22616
22678
19828
24329
19386
33424
25867
23621
23918
24991
25536
23765
21554
22954
19075
24063
19407
32805
25375
21647
22864
28643
22977
23568
25858
26105
24495
25159
23184
25808
26283
20388
22830
21412
22529
19082
24194
19127
22295
20536
23079
19211
24218
19118
22913
20799
22813
19161
24523
19115
22105
20745
23572
19001
24270
19160
24086
30144
15677
20300
23251
24402
25069
24672
23490
27724
29491
23323
20345
24135
19626
21526
28450
27952
24140
27968
28147
21494
22208
22320
20421
25034
21680
23158
24123
24420
24902
23343
19365
25747
24801
22557
21199
25377
23497
23772
25419
22446
22407
25646
21331
29458
23495
24355
22082
24093
35985
14650
24058
46303
27923
19572
23191
24471
32693
25604
25383
19922
22685
21737
35521
20003
29212
21418
17630
15711
15570
15502
44815
15358
14530
27539
21891
21460
20438
31644
24950
21911
16907
26594
23333
35069
24701
24477
32995
23156
25508
26110
29830
26646
24201
34405
15612
25238
27994
25123
20834
23157
16525
19468
27274
22927
21800
23130
30668
26204
22106
25933
24298
19536
24434
21177
22197
19800
24418
19444
23189
20703
22383
28703
27421
22514
25807
72599
24683
20523
25356
56400
24226
25874
23644
20587
21971
21248
22305
22516
35480
17845
24316
20371
27125
22925
21385
26538
24508
34349
22474
23554
24985
25953
24089
20601
25688
24184
23672
23743
33347
23598
19974
15147
16350
19383
24514
33922
22209
19224
15496
23045
20935
23016
23080
24859
47730
21955
21773
34004
20225
21668
21904
18819
22530
18143
20342
28198
22061
16382
22795
21182
21532
20880
21206
19149
20515
18962
20576
30834
21306
18949
27589
23307
18182
22614
20062
18906
22789
19941
18844
22050
19925
18670
22505
19823
18713
22189
20294
18629
22919
19859
18557
22630
20076
18651
22449
19630
18536
22071
20043
18609
22653
19753
18639
22587
19987
18613
22829
19414
18393
22256
20198
18664
22562
19474
18719
23871
19233
18069
22384
19653
19185
22475
19535
18561
22088
19879
18802
22331
19973
18455
22169
19585
18836
22698
19508
18306
22644
19688
20102
22499
19747
18576
22346
19799
19116
22334
19908
18500
23259
19737
18944
26508
74401
40652
25678
33387
23831
28848
26432
21245
21597
24383
23161
17547
29729
21279
18250
27025
25451
18370
31280
24344
24707
28384
26909
26557
19079
26851
25045
20055
17626
25244
26458
19458
28458
21767
27935
27953
27634
22014
21904
28373
27821
16189
19184
30103
26778
19459
21673
36422
20232
21173
19641
27020
26248
20399
20274
19262
17537
17885
18332
20258
27963
26597
20037
20265
19925
26745
28115
19788
18605
21803
17486
25745
25109
19550
17170
26279
29315
18142
21238
18117
20420
26922
26316
18680
20326
17053
20210
23492
22614
16947
17205
16783
20923
18472
25615
20142
18643
20200
18887
27770
30789
19276
35975
21459
21619
21697
20744
20862
17548
19161
17412
19434
16983
17920
17665
18156
22870
35263
17972
21306
18711
20714
18392
33998
18918
20584
31905
22106
20873
23429
22437
17313
20602
20468
26445
29271
20042
18040
22783
22046
19528
19767
17436
20161
18668
17147
18728
18656
18717
25153
24107
18184
19802
20458
21125
14974
15890
17555
19975
16906
27516
26035
18374
20317
14697
20500
25743
26639
17043
29192
17031
15828
22056
26089
17814
20826
18900
20088
27878
27824
19230
32971
20309
28509
27097
27700
19237
16320
19006
27450
18227
33686
19645
17916
19475
19676
16268
16300
18150
24535
24078
17326
20945
20795
18333
19562
18345
20963
17757
17799
24928
19143
33338
15727
20220
21057
26647
28303
19193
19406
29117
25894
18423
22876
22128
21017
16827
19163
27655
20383
18424
19406
18431
19996
26280
27465
17966
24358
21071
16450
18874
25708
28588
18750
20025
27863
26965
27029
24752
27305
26954
23253
21558
22135
21835
27331
26235
21981
21619
27123
20402
22683
22754
23717
21532
26585
22745
19860
24543
21307
29170
25284
20643
29991
25117
21529
22782
28440
22221
20502
24523
20550
29448
26328
21139
22601
23483
29045
25280
22555
22410
22186
25645
25838
21190
23080
26112
24948
22778
21472
25186
25960
21291
21389
23221
22646
24977
28597
21861
21464
24204
27046
23086
22736
21884
26962
22077
20007
22410
25490
22352
18707
25481
22329
23908
23252
29060
24809
22509
26440
25763
22926
24539
22623
22137
23642
21369
22460
24334
19537
23138
25381
19872
23636
27937
22840
22555
21667
22137
25267
24245
21040
24206
21072
22338
23773
20574
22450
23789
27500
26745
22468
25958
25232
26688
21543
27900
34910
22686
25664
23162
21244
25931
22901
31794
24973
24005
23047
26083
33437
23208
25813
22567
21515
25352
41854
34914
22509
28240
24671
25273
28621
25070
28377
29392
25638
24836
26361
26754
25516
28487
25264
24891
25242
26520
25133
24461
28843
24054
24678
26837
29402
23517
26663
25467
24986
26300
37840
22637
27729
23111
25019
23266
23224
24475
26313
23425
24339
23095
23183
25079
23197
22619
24615
22750
22936
24329
22948
22809
24748
22670
27397
21773
22126
23143
24726
22833
34376
23237
24018
26319
26748
29099
27247
21670
21513
26866
22709
24197
27476
34675
26158
24563
26767
28402
25721
22764
24675
26858
27865
22837
25512
26286
29365
25322
22409
24548
27266
28428
28729
22509
24021
26701
27061
23379
25118
26948
28785
25452
27120
28240
26512
22284
24689
26678
28171
22902
24852
26133
28790
25443
22448
24211
30126
24925
25584
22421
25689
26270
29143
26626
22649
24251
25718
27111
24575
24969
24053
23207
24841
26966
23339
24076
23629
22958
27344
21812
22338
26155
23164
22073
25097
22528
22886
24526
27340
22951
24371
23198
23183
24549
22728
22599
24532
26818
22992
24394
23563
22621
26578
21841
21918
26800
23841
22389
25053
22547
22876
24332
26486
22625
24296
22997
22999
24705
26191
22910
24173
23082
25131
26668
28628
28767
26499
20079
27573
21009
17598
18849
26609
21692
19369
22049
21392
22727
19514
19563
16924
20811
21525
30163
25481
19087
20040
27068
25276
19993
20962
18324
18663
20495
21326
27376
21543
17387
20791
19360
23041
21788
21068
23072
19365
18855
15476
19026
42854
18739
20862
17040
20767
18460
53115
24757
34290
22308
25201
20954
29786
24151
42029
26407
21518
22586
29964
24319
27500
25835
26005
27803
26037
23008
23192
30759
26634
26006
25312
25491
25314
27417
25335
25387
25356
38525
26864
21668
21432
28219
22072
24163
23500
26221
22742
21674
29538
24040
21172
21801
25692
23179
23050
23297
21845
20220
20982
23001
22653
21568
20727
19771
21858
134043
31693
26512
29270
35589
22008
25090
22601
20573
25529
28134
22402
30887
25974
38499
23359
26045
22615
21414
26265
19198
21769
24209
36870
20767
22603
24707
25543
23288
21677
27299
21688
23884
30536
31778
30261
29572
23480
30435
28119
23851
30212
26449
21656
19654
18267
16328
22418
20439
19387
20773
27097
28274
23952
15634
18723
18894
14970
16221
21013
31245
16823
24616
19243
23786
23655
24886
23805
20665
35531
15258
18810
27825
33377
24189
34999
23135
22491
22884
18459
19337
31021
23335
19704
26116
24553
18784
21231
18409
15759
22795
21811
13606
16377
14204
18110
35193
20940
18996
18058
20514
16932
15243
15194
18154
16358
15534
28207
21135
28629
27461
22153
17420
15222
14632
17905
16737
18771
15818
30482
24851
22611
24305
22405
20482
18462
15815
32045
22529
18911
16624
20532
31349
19634
24344
16795
18302
20487
17120
35465
22392
21237
15879
35451
14824
18657
34215
23223
15571
31541
14193
15203
16843
15843
14511
17568
36484
16596
17722
20616
34958
21228
22503
18792
21338
17003
18368
21414
16773
16471
14516
18430
16586
29380
25283
16398
17749
21319
21110
18477
22987
13626
17201
44027
22108
20778
16087
23328
14414
15808
23658
24869
16148
14211
24278
26207
22042
18496
22852
20979
16577
17293
17568
20569
28629
17645
19893
22929
17033
20212
31187
18209
19653
20400
16027
17436
21758
20669
18061
22894
20919
20275
21655
16863
15218
15154
15188
14829
23159
18506
21424
18422
17508
18080
21331
18338
19618
19025
18695
18590
18136
21164
20084
31244
28540
20393
19543
20629
34531
23255
21005
23114
35621
22790
22465
16768
18608
27138
18277
21007
22521
19072
18964
20293
17987
21692
21488
33941
24091
22208
20160
16953
15152
15240
17877
20518
23789
16560
19387
19779
20208
29541
24533
19181
21432
22782
21461
19185
20242
22850
26025
61612
32522
27480
29814
25231
38307
23992
24061
26548
25895
40269
28837
30675
25532
27389
24005
24604
22953
26974
23234
24259
25087
23188
26403
26188
25594
19782
23855
19979
19366
26889
24116
18913
31466
19404
19239
22446
19615
30011
27594
22161
25078
18415
20081
33271
31910
21472
19017
33127
19107
19781
34433
22880
20867
22470
35963
21191
22902
22506
18623
21646
25853
20675
22204
18427
19426
18437
33028
22125
30996
30991
27597
18419
19375
21183
20863
19448
35908
19313
17102
18774
15831
19004
19556
22766
20093
17579
16193
17547
24564
30224
21966
20245
34341
22870
29450
26142
20275
35302
18334
33757
22740
21140
20415
27130
25663
20369
21776
32081
24732
20383
19266
20381
21706
21535
28180
26184
19124
33084
24074
21584
33520
24087
22180
20667
22197
22691
30950
24006
20929
20498
22230
21661
19642
24321
20133
17333
24692
19336
17063
30647
16445
19884
24015
28956
22788
20772
32250
23110
22546
19635
19939
20829
19894
20199
20010
18681
19100
21938
19667
20352
22276
19967
20348
21199
20871
19475
21902
19444
20834
21003
20115
19830
22450
19513
20110
21037
20317
19388
21751
19701
20085
21422
20144
19456
22209
39147
24205
20410
20626
20736
20170
19315
21947
19782
20254
21101
20483
19453
21567
19435
20470
21315
20141
19447
21310
21350
20780
21133
20479
19730
22075
15283
20017
31047
20918
20626
19263
20487
19485
20625
19395
22427
19389
20377
21000
20510
19518
22537
19269
20415
20973
20606
19430
22663
19553
20419
20984
20473
19023
21717
19256
20223
20821
20493
19456
22378
19311
20791
20695
20690
19380
21819
29038
22565
24403
21124
21350
22684
30709
23773
22790
29997
20309
28854
19882
21912
21338
20493
19824
22748
19601
20374
21302
20545
19390
22097
19544
20557
21373
21130
20877
21290
20348
19769
22253
19759
16834
34688
18058
18991
23458
18165
18753
21229
18039
21120
29275
29379
21093
18651
32102
23699
21525
18147
24165
21183
19270
22238
28040
28406
29633
23079
19327
30295
21823
21308
21125
20447
19466
22174
19254
20767
20995
20564
19680
22217
19523
20591
22185
23264
21351
28439
28475
18910
22337
21386
19949
20773
19214
22165
19624
21773
28189
25115
25110
23168
25125
27248
19700
18488
18444
21307
18822
21234
17891
19780
16713
28315
25167
23890
21960
18010
16891
16492
16096
19055
23429
20448
20785
19583
22596
22738
17416
17199
22054
22316
18066
21707
24032
20009
22099
22682
24776
22531
16803
18169
21213
20797
21008
23204
25123
21426
22683
20478
23482
18958
23841
18358
19932
29169
18020
25847
22081
17713
20038
20822
16351
20023
20027
32487
32533
23266
20074
19109
20566
18771
18865
20194
21104
18786
28858
26473
20110
20759
28632
20141
22487
18968
20837
17990
18089
18271
16431
19682
28126
18716
19959
35646
21199
22006
19892
27524
25359
20670
20789
18739
19260
18512
35803
21400
21828
19926
27447
25606
20058
20707
18554
18976
26372
26821
20117
21419
18727
21579
21435
20794
18670
22144
18559
20750
18566
20399
28011
27578
23973
22170
18111
15814
18066
17495
19404
21648
20698
19345
18955
21068
19773
21975
27601
27906
22112
19931
28299
20214
27593
28585
21476
19860
16388
16924
16720
35136
32143
19936
16671
35078
17187
20481
24368
20317
16497
19784
20331
21149
21115
30563
25849
19195
14804
12925
18878
22811
19526
19783
19490
30696
23032
23383
18158
20764
19108
20851
14166
21844
22927
17605
34415
15247
21053
23078
26420
23377
18755
19317
18361
21602
21245
16814
18904
93233
20268
33786
19857
85728
23862
17840
22889
44673
19797
20450
19842
20734
27531
21925
22879
26994
21586
13686
17232
23642
17322
16050
20764
28928
19003
20628
20418
30477
26453
18586
26772
25907
18348
20030
20395
28644
24196
20164
17722
26560
25551
19088
17680
19864
30765
25733
32961
29321
25198
18138
19676
18293
19101
27195
28941
19834
19038
20914
18248
19532
18062
19095
18105
19389
18562
19154
31674
24429
27131
21926
18449
19939
20208
19964
17378
19235
17226
24775
21428
16937
16212
16040
17507
17186
22003
28875
31710
21076
20421
18236
19403
18587
17896
17443
17503
18264
17835
20800
19684
29413
27264
18151
24037
19019
19824
26691
20122
19733
19170
22743
18114
26128
25282
18846
19131
20483
20932
29294
27981
20532
18776
21460
29251
27639
19947
23987
22768
21183
16310
20469
18713
18023
24253
21933
21738
17252
19839
24925
18083
30110
22618
18136
18832
19315
18836
21251
26995
29807
21422
19426
19351
19744
19436
18299
19122
18285
19181
18311
19204
18143
19154
18488
18984
18259
18899
18270
19027
18212
18693
18328
19304
18282
19185
18263
18882
18158
19328
19031
19363
18131
18866
18163
20587
18075
19040
18057
19218
18336
18992
18248
19351
18124
19172
18209
18691
18278
19109
18361
19237
18052
19344
19772
18959
18190
19075
28328
27045
22673
17954
24038
22650
17099
18067
17271
24088
21819
17519
21378
27938
21169
19974
31693
30723
26007
27889
29381
28009
21747
20898
24476
20003
24342
19898
22428
29447
26835
19691
23789
19646
38333
25335
25283
23816
19924
24116
19698
22493
21182
22847
19423
23993
19569
22193
27619
28915
27599
22223
20320
24704
21852
23034
19633
23810
27381
29331
22627
23022
19866
34267
22401
24137
22997
19819
23837
19389
22558
20954
22863
27597
27881
24161
21780
25072
20069
32898
23822
23385
24150
21427
23050
20043
23972
19873
22664
21402
22281
19994
24966
30207
26784
25701
24998
18302
22049
20310
36165
27164
26001
23262
20689
25030
20281
24345
19565
22961
30408
34885
19796
18656
17122
17015
16833
15636
17863
18057
19917
17941
27064
22055
18981
18971
18729
16547
24344
22142
15823
16920
19468
18252
18588
17399
17951
17269
19893
27579
27585
21431
17161
17694
18475
17936
14977
14291
22874
18013
18521
29058
27182
18636
18197
18157
18034
16374
18812
25822
20100
19973
19556
31611
20082
21164
17641
15511
18000
19027
21039
18419
19234
39834
17151
24825
20531
18302
20375
16697
33406
19987
14461
19200
28025
16623
21258
20260
17986
21210
18310
19534
18089
19413
18190
19979
17980
19418
17021
19995
13245
17915
19037
21001
20146
19449
20989
18063
19680
16707
60006
28855
29074
2562335
26978
26800
21385
22816
16106
20187
23863
15744
13329
19783
34066
19882
27078
23513
23395
24836
22273
24391
24042
22622
21363
24460
21829
23210
23424
22463
21468
24281
22330
22733
23613
22882
23848
24629
26563
19493
23725
28575
22873
21809
24899
24787
24053
24413
27655
23335
23233
24064
22519
21205
24580
21725
22920
23235
22380
21295
24168
22148
23158
23297
21779
21220
24381
22144
23022
23152
22438
21411
24427
22120
23370
23401
22139
21361
24214
22106
22811
23379
22374
21048
24691
22010
23296
23286
32904
24103
24198
23758
23704
21999
21408
24529
22099
23335
23681
22488
21530
24467
22106
23541
23654
21997
21050
24262
22008
23149
23373
22577
21172
24349
22105
23613
23527
22035
21122
24122
22109
23178
23428
22373
21414
24392
22040
23180
23520
24816
21574
25162
22254
23525
42742
24362
33379
23327
55095
36066
25094
17715
25368
20553
22908
23616
29568
22756
24373
23449
20167
22594
24098
20888
22601
21493
22441
19389
21013
21657
21017
23374
20353
19956
23810
27577
23379
34213
23018
30396
23779
30009
25952
22972
19614
27168
22491
22542
21908
21747
19169
20634
29369
24152
22152
16710
18296
18995
23839
21591
17659
17800
21751
22155
22332
17740
17547
20641
45010
16957
20715
24522
20240
34247
26421
25580
22643
21358
22804
25973
22793
19147
23190
31073
23837
24008
23761
23291
23048
29923
19948
34599
26433
24103
20848
23848
20570
18179
38308
21858
20957
19418
20412
20199
24339
22699
25069
24778
21068
19877
22659
24933
27561
24911
23567
22971
20032
20084
19367
15100
23561
21351
26621
27193
24616
20616
23529
21323
22309
20103
33797
24300
24017
24771
22399
17542
22364
19833
13821
18125
25869
25931
32199
29187
23224
26630
35524
21997
32936
27378
24330
20576
22230
25195
25464
24619
22192
23278
22175
32112
28097
23249
28480
22497
26589
25450
19837
33244
22899
23645
22557
21208
32912
26147
23110
25263
24376
26830
22949
21545
24435
20849
31904
27023
24167
24955
21175
21886
19330
23169
19284
21405
19178
21922
19169
23365
19234
21964
20109
22073
32388
25091
31765
27525
22453
29948
24257
19679
22009
21272
31502
23356
23891
19509
23491
20932
22903
22243
22098
20391
24561
20623
22171
22178
22859
21082
32856
26469
23668
15226
23410
23088
34536
22943
24024
21346
20643
19648
31092
26935
20360
16033
13814
24642
21261
24734
28982
36444
25104
22138
20225
17694
18675
19823
20145
18016
20370
29045
26402
17568
16139
12621
19000
23130
19320
20290
20898
19729
17008
20455
17779
32272
30724
13224
26114
15772
16814
19674
34732
24548
23878
24040
21307
24954
23254
24662
24518
20749
24615
30503
23436
27098
19820
25258
29679
39984
26019
86776
39110
29542
31155
33236
55920
27551
31613
25766
32237
23438
21485
15522
15823
21115
33789
