167212
120781
71118
70262
37347
34152
27229
33043
38161
30739
26977
27979
22523
25284
37312
29959
32210
23490
32495
22748
27619
28701
29524
27967
27848
38291
31650
32138
26368
38052
29359
26683
26962
27957
28323
22111
23522
29803
27843
25654
37031
29150
27627
37001
27448
30586
25336
39606
29525
32759
27466
29178
31742
28950
28646
29088
25742
24614
30376
25644
39206
31202
26023
27754
26487
28210
28650
30119
29298
27556
36644
31001
28046
27033
22743
21009
26395
26478
25088
26519
28031
29994
24482
38450
29344
28909
36698
31087
26692
27257
24932
27152
35079
21496
27935
27003
37757
31006
26164
29225
24032
20937
29446
28636
26846
37503
29481
27967
29602
26245
38228
30809
27100
38074
30955
27679
38598
33293
25516
40261
34769
30910
30283
33175
30039
28271
28383
31803
38776
29846
27277
36280
29252
25314
25319
27461
33423
28295
32480
32759
35519
42361
29535
29339
40478
43242
21957
28314
23178
25218
28740
28726
27447
26991
30698
25861
25214
31471
27111
27917
24118
22054
22852
29463
26923
40983
29662
32431
25735
29719
28370
38050
28933
38643
29738
32916
29356
28205
26248
38819
32254
28719
38282
30227
25561
27764
25549
23418
26797
29906
26965
38471
32307
39986
32685
24987
33945
26665
30898
28241
28614
26304
25346
27694
25249
26971
23533
28435
29947
31720
23850
26932
33769
26613
38999
32425
25650
30536
27487
27892
28282
25890
25298
29128
24501
20912
32256
25376
41386
31192
40115
29564
32648
23038
29099
26104
38366
28680
32608
25598
26968
24225
38831
31032
28566
38393
30485
25852
30000
26571
38929
35475
28195
36698
30988
32126
29502
27536
30161
31275
23957
31121
28164
32663
27773
28237
24943
40222
26321
31399
25436
37893
28644
23699
26387
25813
30875
21680
24283
33823
28444
26676
30415
39854
28681
28239
46094
33953
32314
37540
34175
34686
31489
30473
32334
30756
33519
33683
33594
43313
31364
32927
32249
34852
29471
30608
32106
35180
30569
28038
28826
27352
29314
29608
29035
27553
28669
27384
27030
27616
29012
28119
30990
27548
27736
29123
28020
27973
28072
27632
28786
27743
28042
31959
28471
27791
28161
27874
27640
27424
29280
28202
27776
28271
29849
27450
28312
27369
35516
25134
32177
30833
30391
30332
32748
27841
29493
27101
30301
24322
28191
30625
32553
32916
31912
31318
29246
25063
28281
31056
34365
27657
30348
29441
31412
27795
28773
32463
30055
31589
32388
29370
25271
33436
30443
34027
29444
25479
29148
29393
31502
28915
30777
26951
31969
29140
30352
30593
28846
30247
29812
28621
30445
32750
32884
31312
31712
29952
31798
31154
33752
31126
24907
30646
29418
28758
30840
28046
30860
31023
53329
30861
29498
32196
30048
29276
27251
32699
28164
28062
26304
33710
31220
27931
31467
32334
31559
28922
26561
31978
30512
33921
31575
32080
31527
30327
24937
30183
26706
31026
32094
31816
32534
35428
27225
26784
24557
24967
27084
25557
24020
24863
24046
24203
38243
31519
32781
29776
29140
24443
27697
28955
27123
26777
26832
27424
27674
26978
26697
31295
35176
30716
27666
28753
26653
26897
26812
26137
26203
27619
27092
27660
27222
27160
27311
27140
29025
28085
26954
27002
27651
27499
26691
26446
27213
26961
26838
27564
26604
29013
26644
32705
30773
31618
29671
27218
30927
31820
29890
36206
30401
33556
28670
29783
26540
31862
33889
33801
33382
30840
30200
30777
27014
30616
26087
26737
30228
28325
29577
28205
29156
25857
27913
32336
28113
30347
27469
26512
27905
29233
33265
30575
29860
28917
27512
28210
25379
29376
32217
30354
27805
25710
26701
31947
31098
32147
28889
29696
25528
24080
24669
24020
31073
29607
35835
30088
31469
28161
29609
29962
30346
28219
34202
31026
28126
27195
29822
29591
30617
30248
27689
29650
32831
30647
28766
27046
30987
31089
30164
29848
30862
33623
36563
30167
31286
25314
31791
29894
30245
30814
30475
31550
31476
31521
30585
28553
31209
30650
28778
26639
31101
29317
29886
27792
31503
27230
29139
31006
29821
31621
30447
29907
34347
28736
32265
30033
28037
29384
34794
29216
30148
28200
29737
29513
32953
32375
28957
29879
33430
28949
30195
30310
29500
33706
31527
29714
36002
28061
33454
27314
29371
34032
38596
27211
29209
26821
27163
26970
36815
27462
27542
26981
26868
26807
26548
26771
26326
26673
31289
28360
31873
27602
30637
27319
30095
35942
32467
29387
30619
30903
30984
31226
26670
29548
33587
35746
29729
29163
30807
28283
28378
33038
34866
30198
34763
34244
32127
58015
37333
30476
30566
32442
30030
29204
33293
31060
31358
26590
30683
27023
32170
24605
27296
29186
28631
26990
26255
24986
26072
26594
26842
34295
24769
26045
34293
30239
22637
28802
28070
26981
28968
20979
20073
21991
23009
21542
23926
195993
45904
30231
216628
35415
46207
29125
29289
30283
24027
26260
24338
21401
21586
25679
33401
36769
43122
29580
37440
33603
29278
29878
26682
36099
27300
29637
31150
26702
37029
28910
24892
24057
24040
26297
25481
28703
27077
27908
33440
40476
28861
27562
27031
32524
39435
24868
34914
25487
27106
28995
28689
27168
29304
30575
38881
27430
28519
28993
26146
27853
38610
21203
26407
29660
29391
31023
37865
23067
30610
40867
41081
26676
38974
18124
27658
24395
27692
22860
22456
29324
30750
27560
21152
22256
23887
24355
31600
24683
24665
25950
24625
20167
17064
25399
22973
21681
300573
31795
38188
22432
25460
14051
22586
43589
23134
21780
37081
42725
27356
29952
27330
23929
26538
23728
31537
41250
141839
34921
24677
26282
24848
24717
26201
32774
31904
28693
30995
25981
27024
31016
29516
27964
29865
24479
25410
26052
26164
29924
25772
25144
27159
27391
25870
31040
30455
27893
30440
26159
29484
24955
27268
24949
29162
27491
34076
25609
30783
27553
27408
31705
24147
25013
25974
27405
31552
27277
27925
25778
23765
26662
31820
26435
28835
26162
29901
25130
26757
25585
29153
25506
29502
26901
27388
28897
25415
27608
25532
27305
29821
27846
26842
31073
27058
25546
30349
24116
28595
26165
27770
31641
26705
29881
25710
26253
26458
29447
30778
24696
30560
29146
25437
25843
25020
22837
26508
26070
28290
29441
31276
30029
28392
27967
25279
33288
26341
25439
28592
26723
35738
24586
30181
26043
25495
23459
26891
33518
33532
37184
28721
23755
25998
23616
25201
30501
38629
28624
28460
36695
25832
27419
25827
36889
26182
30294
23164
24525
26526
24079
28245
26147
46125
30260
25279
30500
21907
29641
29257
36225
26336
30952
27214
23718
21421
24362
25712
24904
24630
24880
25765
43982
26362
34124
23261
26072
36720
26271
25608
27630
26278
26267
28077
22852
23819
27402
23921
22384
28824
22929
23721
27256
24702
22938
28216
22792
22866
27537
23879
22774
27844
22676
22606
27851
23573
21982
28115
23125
23471
27401
23516
24671
28058
22811
23543
27443
23960
22048
28349
22445
23004
27260
23471
22438
28667
22605
22851
27480
23524
21897
28659
22736
23336
31970
28078
26006
29109
25476
29382
22456
29570
21419
24706
26181
29163
25327
26008
27118
31288
24096
23228
24459
28356
25894
28635
28009
25092
25085
22834
33075
27155
25294
25320
25529
26751
24191
33647
26454
23449
26013
25973
27409
24265
22935
22624
24768
25161
24654
23147
26631
25833
25353
25967
25115
22839
26618
23465
25865
26649
25028
24051
23362
25493
23212
23979
25501
24948
20896
22952
24485
25720
27777
24643
26153
26017
25835
25506
20564
31973
25208
27534
23511
25119
21287
23429
33242
24715
22117
25396
22599
26730
23990
23012
24601
25049
22275
24063
22348
25053
23081
29234
29618
24496
25596
26290
25516
29200
25680
29631
26130
27332
25415
27329
25051
26901
24942
26831
24492
27017
25313
27199
31744
25244
32998
24889
28652
23986
25095
22780
24868
22656
24420
23565
25130
25288
21913
25711
24925
24700
25853
26333
25473
23794
25462
23521
24370
25117
38589
27857
24541
23812
25128
21873
36723
23136
26221
33490
25515
27902
27734
31434
26391
27625
23898
24117
25631
24685
22674
24008
22573
22124
24830
22062
22395
24161
21182
21192
28133
23137
25540
24557
24673
28810
26519
23769
29851
24589
24667
25350
26620
28357
25027
23893
24072
23924
23661
26140
24087
24056
23852
23880
26183
23587
28046
22427
25183
29481
23953
26737
25692
23931
24370
23770
23531
23442
25889
23424
23319
22729
22035
26050
23599
23424
24075
23702
25675
23624
23746
23306
27504
25740
23437
23759
23587
23475
25812
23503
23567
23792
23730
33083
32909
27452
29850
22343
27605
24063
25719
23282
32382
35335
24202
19769
25846
24290
24449
25072
27988
22292
20763
30376
23747
26563
23741
30752
25388
24438
25717
23609
24785
22781
23461
26795
23986
24917
24312
23358
25255
22529
23501
24813
24438
26099
31101
24818
23256
24803
26341
22688
22424
28694
25620
26605
28858
24248
24414
24184
24775
21622
24700
21616
26157
23934
24141
33412
25228
24055
29192
23705
28247
23675
23365
23042
24574
22154
30285
22914
24876
26743
25323
23995
26297
24364
23811
29873
26905
24225
29085
24003
27973
24302
23409
25153
28031
25751
24128
28388
24508
27872
23973
23743
23347
21832
22325
29250
23291
23666
22361
21378
24531
21346
24439
25615
24064
29780
22431
25336
22530
21782
30014
22892
24560
30654
25358
30891
23739
25171
28393
23686
24087
22989
25353
31004
27940
23959
31263
24750
23364
24909
23667
28690
25958
22810
22466
22137
26729
29858
22561
21930
22506
26458
22468
22814
21990
22662
23691
22766
21890
24858
21851
23122
21947
22721
23890
26024
25773
22267
25273
24302
21609
21979
27792
25448
24578
25480
22264
22306
25086
24621
22430
28228
28228
24837
23912
26420
22919
22007
26379
25968
23294
28535
23348
25988
22490
23436
23749
24188
27962
25904
22865
27215
25840
22895
23827
23224
21820
27065
26294
21856
26552
25089
21739
24868
22757
21134
23007
24390
22874
22200
21440
20727
21077
31533
23131
27042
22703
28207
24915
27035
23057
26735
22835
26780
22991
27472
22598
26822
25043
26713
22453
26624
22900
28570
33170
21595
23871
22400
23870
21995
24310
21404
25951
26542
23089
22706
26353
24659
22315
33314
22775
26588
23170
26982
22163
64339
36618
46567
33608
22676
19156
18969
19712
20413
21475
20952
21692
15616
17564
28102
24858
15914
18243
18792
18087
19044
17579
20839
16356
15766
18373
27107
22014
20416
17236
17503
26756
22837
18261
23008
29089
22784
20497
19171
20065
20992
18310
26932
21909
26354
22530
21962
17969
19067
40362
16092
19322
23350
23717
18844
24032
27975
23730
20813
20234
19830
21617
25974
22480
21139
26762
22935
21746
20271
20161
22464
19941
18899
23107
18395
17030
20554
19402
28861
26892
18468
25495
19106
18430
20099
26332
22023
20651
24816
15513
18342
15955
17399
26507
23692
18201
21289
18503
28170
22945
16982
30835
20639
18540
19587
27792
23519
28398
25483
18614
25068
24383
25408
20339
22100
19749
21376
25036
26263
20482
29485
21536
21884
24969
25963
19898
26393
24154
20218
24715
23427
19982
23057
24763
24456
24970
21816
19017
19264
20711
24052
24232
21577
20404
17954
28636
21961
18513
21500
22868
17647
21219
20995
16867
23454
18161
26102
25749
20142
24723
25237
19469
19296
23974
28026
25018
21204
26229
26116
22076
25424
21442
22356
26511
25733
22554
24957
24866
21967
20266
18466
28752
22314
18641
21142
23689
18715
22354
24517
22785
22844
17937
18257
20934
19123
17928
21196
18015
18693
20339
18349
17919
20464
17675
20491
21939
22059
17706
20997
17770
18551
23899
24576
19309
27978
26175
19363
18407
19596
18469
18685
18159
18707
102712
32843
23520
29831
22996
22958
24824
24500
28448
21789
25098
28949
24678
22544
18087
39691
19310
22171
19377
16818
17166
20678
17136
18686
22561
16738
18056
34809
37773
25492
22249
20249
33797
19928
18209
26802
29887
22783
28128
24149
24565
19339
21014
31611
28342
34725
21426
17224
21786
40893
22158
20370
22656
23687
26663
25501
21776
17850
16888
27285
19856
15015
20257
36162
23459
23138
27723
27783
25013
18934
32818
25016
23566
21534
18678
23883
23120
20529
18765
33888
20970
22112
29297
21714
23044
31371
20258
22746
21695
34569
23156
23436
21599
18898
25700
19859
22096
35165
27244
31492
23646
22690
21321
32970
21398
21396
23064
23022
22051
20246
25517
25368
29742
30155
23163
33558
27986
23680
23033
22146
23351
30183
24486
23561
21892
21987
25568
23926
21717
35122
23110
23364
26619
25798
25135
20894
21081
50936
23832
19981
28264
25995
30653
27856
26628
21968
21974
21641
25585
24039
17857
22388
23035
32690
17939
20118
26449
23595
30473
24286
19818
22816
19789
26943
23280
21051
21435
29549
22718
25261
25838
24439
23796
18378
17906
29606
19009
19162
21089
23619
18803
18873
14030
18822
34771
19736
18308
18246
22844
22490
18888
22909
20405
31957
23564
25926
33183
22402
21289
21896
18393
24346
19936
24028
25676
25216
37441
20532
23287
22615
20375
20461
14845
16272
25632
32332
24681
22568
33330
23948
23344
38077
16765
22252
26635
18748
15723
20030
18013
17487
20020
17802
19033
20412
19751
21677
16963
17115
18979
21648
17938
20535
17521
17662
18012
29465
19804
18889
32821
21010
19590
24766
26065
25867
20220
30356
20698
22075
21054
34278
23984
21675
21368
32762
20956
21394
34617
21464
21040
22210
23140
32100
21723
23907
19454
32967
19600
21419
26355
17748
20743
25179
18737
18431
21038
29540
19611
21008
19298
20764
20888
23265
37073
21263
23961
20576
21505
22858
23555
25993
25864
19661
23164
17714
30239
21066
22652
22957
19472
24086
24185
36899
22420
21252
25915
23985
22589
19236
25281
27896
24662
20360
23926
28745
23258
22291
23466
20393
36209
29966
24482
21410
22326
19883
23031
23055
20028
21037
23084
22075
19393
29266
25485
20156
21846
27028
25415
19417
34245
32420
19493
32826
21685
16540
18825
19973
22181
26365
26164
23993
26085
26565
19056
27124
18374
19718
25606
16664
21435
25846
17970
31987
21966
26995
24639
19941
21093
16710
19606
24641
16607
20688
24065
29572
23763
19015
21075
18715
20301
33146
20560
19103
18390
25835
17005
16112
18384
24295
16847
21577
32704
20743
20428
33303
23735
19049
18579
22180
20781
25129
25562
31841
21524
20058
25500
23920
32000
21749
20363
24551
23533
32120
21820
20202
24418
23245
32496
21725
28648
21328
20444
31396
22868
20105
24756
30737
23594
20557
20463
23057
31892
21340
20444
24274
22199
17657
21528
17288
19230
26432
27979
25289
20818
22231
18103
22361
18361
21406
24582
18664
23370
29216
23824
20151
19849
23560
19070
23902
26266
25121
20104
20263
25725
18248
23114
22343
22544
26981
22026
23309
19816
21648
25592
27010
29103
21485
19063
27941
29046
24415
21124
21125
17831
22602
18519
18749
27194
19548
32622
21468
19346
18330
23201
21742
20568
32002
21447
19028
18345
24822
18487
21448
18531
21542
18560
20173
20885
24433
27932
22602
19492
21106
32823
21342
20572
27118
27790
26689
19929
21680
19142
19705
25244
21661
33802
24209
26268
19299
27551
24738
21405
28638
25433
20454
17477
20675
27175
24474
19921
29433
17082
27214
19139
22766
17807
21551
19907
32689
20958
17414
17869
21386
28753
25784
22606
18169
31532
21881
19348
21789
19846
32479
21502
19165
17539
21254
28428
26255
21178
18449
31627
21657
17993
17823
22195
21647
18773
32477
21196
17123
18753
22446
18081
18717
18213
19406
17487
16662
33172
22583
372400
17422
24717
36237
19336
16945
20521
22198
22560
16779
23189
17337
18915
24321
18057
19023
19814
18215
20598
20188
16906
94959
25743
27908
90976
56688
38063
35704
32703
20673
20008
18503
23679
34401
30520
27019
28606
19644
26787
27421
20733
26114
25030
25383
36791
27782
30133
25407
27357
23328
22912
33615
22898
25144
37550
23620
23161
19583
25501
21492
33254
20968
24723
36005
23527
22304
19650
24892
29635
33806
23354
21360
29319
23262
25428
25624
34704
25143
19800
18197
20042
20342
25551
26803
33459
23164
25670
37591
23941
23083
19771
23712
28829
23549
22466
20606
23215
23565
23020
34752
23778
22156
25294
27515
33647
22916
26634
36404
23947
24932
19580
29651
29478
34150
18175
23190
26884
29980
22292
16632
17636
22090
21018
21607
23691
29218
24930
21919
31830
21598
25862
29468
22847
21294
23667
29629
22360
29432
29602
20894
19039
20617
21347
20294
29330
23232
21116
18228
18271
20224
24349
29285
22748
29399
25350
19135
19166
20798
23237
18620
21645
28848
23238
21987
22525
28501
18158
17996
21429
18605
18020
20256
19762
20240
28063
18262
20679
18074
20258
17561
20899
37707
23171
21082
17676
22201
19853
20557
38547
18469
20979
17839
27259
17681
17309
20335
19930
14165
20524
19437
22972
38951
26541
26516
28500
25801
25669
25623
36139
23313
22191
19876
23655
23663
22843
19607
25393
29507
18923
17903
22542
27853
24684
22704
24272
23576
19175
24051
25408
26264
25448
27202
34757
38264
27567
25980
22848
28282
23942
24727
23173
24535
30025
41509
18202
24013
33435
25719
28488
37017
21883
37124
25712
33781
18505
26364
37564
23067
25127
24478
31496
25362
23829
23162
20106
25942
25280
34501
23811
22251
27663
21445
27803
23233
26564
21567
35615
24963
25765
26249
23116
21724
35417
27295
25596
28347
23297
22489
34713
25016
25412
26548
23009
22135
34026
25533
26177
26578
23775
22867
35864
25039
25621
39527
29151
22596
34328
23950
25591
35571
22938
24106
27953
23114
23824
29055
37205
23279
20051
20821
32493
19784
38529
25722
19790
19693
20413
22993
17053
18703
22259
20168
29795
22934
18716
21962
17422
18874
28644
25101
16747
20618
25896
16539
18957
24079
17628
24578
18437
19333
21591
19469
17205
21925
32190
18792
27668
25666
17623
20659
20908
16791
17322
20639
19648
17469
20023
17776
101239
27680
26917
23362
22626
18028
16688
15795
29096
36628
17217
29218
24131
25772
21859
18835
21756
19231
20849
31660
25058
22219
28624
23961
19624
21368
21879
12665
15434
39093
19124
20924
20277
18252
20087
20114
26123
24569
17959
23229
17490
15084
18506
20086
21252
21381
17128
15227
15907
25710
24518
44934
25395
19818
21581
17886
27038
25504
21470
21771
39301
33450
20800
25820
20184
18770
26153
31724
22217
22167
28184
21812
21730
21238
26779
19665
20937
23394
17469
21249
23511
19271
27603
28009
19846
30849
20602
26523
28277
26479
19744
21198
19424
21358
27245
23698
25937
27051
26306
19494
23357
21897
25955
25114
19288
22835
18806
22032
29567
23711
29574
24232
22970
25121
27364
26791
19757
22785
21920
23651
25135
25914
21777
30349
21513
23319
28262
33101
24903
22559
29668
23683
22083
21417
23334
25125
30050
24923
21707
22263
22751
26027
33683
20942
22105
25120
35609
18426
18915
17992
18359
23243
19519
33292
22964
22228
33476
24346
22988
26613
33800
25539
21338
24793
19291
27939
28926
27982
25075
25190
27366
25981
26286
25563
25620
25499
20752
22773
25204
25352
23763
33423
23978
36000
22710
35476
21500
25696
23577
25293
37111
21158
22450
36521
22713
24984
20554
23105
22434
21612
24066
19486
20482
22450
18158
19217
19575
19564
31234
23860
20955
19968
29716
24347
20687
20721
36832
21001
33227
38002
22811
24394
26040
35616
22034
22153
22840
32154
22411
23092
38691
24120
22471
29291
24698
19198
27164
37177
34955
35130
33810
34533
33848
35705
32243
33705
21559
21499
23923
19072
30053
25119
21893
28488
22692
19556
28196
22355
22397
21732
23159
23886
22464
28480
24809
21829
22515
23861
28740
22946
21469
22340
19726
22829
28456
25130
22703
21608
23747
19644
21074
25633
27153
22580
21194
26419
22587
20067
21041
29449
22339
20215
21426
23689
30346
24489
21091
24220
21714
21347
22121
26097
20459
21248
23347
22709
19840
27893
24775
27081
28626
25082
21239
20917
24625
27180
25146
20809
24070
20113
25060
30395
24199
20725
29854
19844
23965
28420
24138
19595
30297
21839
25594
30389
24710
20718
25699
20365
23860
28818
25927
19843
20906
23894
21532
23881
29042
29144
21948
23842
20499
24121
30195
25788
19726
21746
25953
20064
27524
22982
20081
23605
26586
22923
20943
25744
20071
24074
28622
27481
29318
25223
19869
23286
24438
29983
23735
30248
32340
20701
27479
22942
22839
34373
24298
23592
24395
25421
26992
20298
23947
25704
27128
21704
22408
35391
24009
24177
31260
24685
23199
22371
22249
20005
22119
24370
21695
26011
25581
23901
21725
19914
26112
26401
16721
24051
23534
33270
23984
20249
18365
24326
26701
24366
22606
22140
34041
26444
22875
24138
23910
24476
26823
26375
25322
21221
22967
21722
32508
22472
32905
18596
22535
25669
20897
30449
24801
33973
24340
22803
28875
38023
22768
33847
24315
24379
25394
22193
22427
33476
26891
27109
23278
25803
28690
19514
29728
20786
22455
30217
19192
25729
22470
23782
26555
21855
21068
42785
26341
27157
23425
24914
17717
86601
25329
23474
28138
55708
25200
27103
60075
31052
23368
21239
26842
22647
36122
30479
71656
36282
23957
61539
37967
23852
29266
24728
28536
26279
25598
26207
26536
23935
29716
24602
25335
26472
25623
27038
24127
22986
23012
25703
25450
22688
23098
26013
23345
22633
23048
22995
24972
21973
21388
23000
22913
22893
25489
26120
28958
22386
23240
23323
25485
24514
29430
23409
23602
25765
25721
25177
26912
22017
23940
24430
29033
23555
25982
29360
28580
23706
26138
27074
23293
22754
23575
22173
26165
21323
23433
28689
21598
23522
26396
23478
23784
22726
30304
25735
23258
23283
23824
28080
23626
25702
26647
22506
22974
28254
22729
31154
24694
26139
23360
23750
22642
21467
28418
25992
23360
27734
30350
27502
24191
25047
26492
23054
22691
27171
29112
23479
24150
25442
27021
29423
23751
25612
23765
29713
27723
29993
26142
26090
23617
22945
27135
23574
25873
23222
25704
31927
24944
39127
28197
24298
26787
29557
23052
21993
21392
28064
23009
31594
26243
26242
26445
30431
25793
25853
29319
24053
25417
23161
25616
24568
26798
22604
22873
25682
23405
27215
27473
24030
26552
28114
25412
25408
27164
23801
26407
23439
30848
28029
25419
27111
23326
23704
28054
24026
31047
25838
24217
22975
22917
29970
27772
25300
24839
24087
27363
28782
27206
24851
24296
26980
28287
27660
25144
26687
23042
31439
28965
26571
27102
30575
26400
24662
2212260
39805
204047
30034
55961
209700
30465
56335
223785
25246
33629
23874
24774
23787
27361
27599
28455
22741
25819
26576
30815
26065
28268
22410
23300
27513
25787
30338
23693
25558
26159
26303
24080
23911
31793
35997
26483
23476
24507
24454
25913
27331
27689
28497
23854
23640
28298
27876
26296
24948
29223
26502
24250
27308
26373
28228
22939
22742
29186
36488
28656
25608
29316
23002
23804
27618
25674
29298
23401
26296
28360
27707
28113
23956
23605
28065
25944
28338
23075
23192
29775
25337
30539
24145
23208
26908
25889
28089
22933
25068
27647
28066
28234
22794
23653
27213
26862
28148
24006
22709
27527
25093
28528
22584
22986
28943
35652
27524
27616
25168
27190
23519
22532
25447
27960
26636
27482
25481
28320
24884
23203
30932
26617
27839
24484
22448
27604
21678
26809
26250
24033
23656
23934
26595
25385
28354
24735
25801
24818
28246
22201
25018
27591
27723
27659
26015
25156
26533
25098
29806
25046
23929
29366
22641
25342
26993
26010
22993
25353
24133
27515
25486
28172
23569
23396
27730
25970
23358
24410
26530
25506
26195
24597
26050
26349
28461
22379
22616
27177
26722
31362
23946
23618
27495
25320
28363
22715
22508
27389
24972
28261
22274
23346
28895
36159
26621
24980
24270
26599
33712
24607
23993
24530
24251
29140
25253
27314
23465
23431
26968
25141
25810
34512
26577
28449
24822
26846
25079
26995
22906
26368
27118
24510
24880
23485
26142
23447
26806
25485
27315
23145
24136
27671
26789
28224
27306
22983
22867
27818
26752
28849
24462
23704
24538
25821
23772
27210
35518
25103
28451
23293
26656
35439
25012
28981
22903
26439
24602
27162
23430
23207
27338
141796
72314
29764
35784
25314
23807
25081
28627
29077
31663
31520
39678
24181
24601
26387
21288
22843
23583
21785
22425
22945
35247
22693
36710
21581
19101
18848
18802
23147
19127
20075
19497
20717
21586
26082
22440
20231
22750
18998
20129
20847
20194
18608
21851
18932
20416
20886
20024
18384
22364
18758
19821
20775
20314
18299
21781
18428
20308
20760
20119
17470
22615
17164
20298
20763
22120
22064
22859
21290
19605
22584
18847
21456
21050
20215
19280
22306
18990
20599
19216
33966
24384
24861
19541
28868
25575
23892
26170
24675
23428
20234
20361
21511
23363
19224
24444
21972
19551
21224
21791
20555
25280
29591
29315
33480
28432
22406
25569
23537
23950
22735
23285
27497
25934
22976
21743
23999
27978
19519
23573
23348
24600
22556
23479
26820
24191
29183
22372
27113
21194
24023
28334
23616
22235
24743
20185
25593
23996
26506
26011
23880
21281
26563
29957
27316
25472
23369
22462
23632
24213
32989
24166
48240
28696
26311
24601
26968
32408
25704
23509
29039
26767
30304
23684
28817
26153
30701
26973
22882
29497
26811
26000
26626
24585
26607
24348
26329
34975
22089
26201
44937
29395
29970
35512
35235
20452
19186
15502
18233
24680
19042
29182
23873
22258
28890
25118
19158
29085
22109
19630
19735
19975
22391
19999
20167
21887
22716
29589
24424
18660
18066
19305
21389
22179
19385
21940
20892
19587
21729
20228
22562
35954
19894
20467
21708
21986
21855
35773
20827
21194
29347
26150
18326
28798
18346
20252
19817
21622
18628
19847
23339
29825
24885
19933
27530
22807
19565
22073
22392
29253
23894
18740
30922
18657
20178
17725
17152
19761
21036
20793
30728
24156
20809
19330
19984
23282
28632
25742
20046
17193
16641
17139
15245
16855
20744
18198
20548
22402
17723
21402
23692
16476
24603
22328
23846
21327
23047
29675
23348
19928
20083
20515
23916
31787
25901
21365
17716
17855
20362
20146
19021
21683
16581
20437
21013
20851
21965
28547
24897
19239
30261
17533
20356
30012
25662
18708
23831
19264
20286
23330
19642
21596
31284
25967
19056
17124
18176
22721
19462
16577
21301
20898
20356
23047
19363
21725
30659
27013
20323
94084
53581
25937
20986
31397
34389
60399
43689
36063
23636
23695
19267
26738
26031
16920
25394
36495
21207
20884
22760
24950
24683
31128
26641
20833
17546
22705
35516
24582
40154
21438
24714
23357
24466
21755
23565
28085
23881
22663
22659
23845
25196
19656
17442
22838
20732
20984
31269
25602
24491
23310
21989
24243
23577
30793
26538
20573
20373
25121
22437
24107
22629
26140
22812
19613
20805
24216
22337
23623
30852
26155
22097
29859
18883
25650
27482
23529
20740
17503
38628
33043
32153
23060
25719
23977
24948
23426
21182
22393
34691
38182
26947
28328
22129
20511
24621
23504
22064
22494
25365
33103
23634
24191
21849
20096
24091
27843
24655
26607
22915
17982
20336
24009
18105
20068
30809
18063
17352
20526
17817
18861
20075
16985
18151
17041
17288
21095
25979
24882
17997
21305
21377
29583
21507
20331
17944
18646
30634
21397
18358
17243
18897
19710
17834
20398
20162
21211
21532
27076
24022
20116
22556
15644
19354
21323
22966
21621
20481
24950
25253
22410
29530
25886
18597
28582
25090
34031
18024
20996
20021
21052
22844
30066
26101
31082
25685
22364
30454
20223
19560
20068
20777
17306
18846
23069
21372
21698
22240
17396
19411
29520
24084
17828
17933
18955
22685
18599
19245
22434
17904
28119
24883
18159
18738
26404
27841
18255
16878
20640
19971
20337
30768
21492
17614
18012
21967
28868
26462
21297
19016
17883
19974
33145
19117
17168
17140
16999
18532
28998
24950
34158
18328
31755
19794
24508
21943
20454
20748
22847
20575
31467
18789
17735
17551
21819
19812
29578
22344
17743
17486
21717
20124
27927
25377
18734
17996
18204
20086
20522
23583
28845
19930
30248
23723
21174
20548
19437
32297
31926
22078
20281
32829
24692
20340
21104
30397
30996
53980
30502
24976
21396
19214
49044
27945
24864
21607
20881
23946
21585
21533
22517
28266
18070
22771
14332
18877
30271
20070
32470
25599
20444
20282
21125
20122
20253
21356
20273
19448
21375
19640
20310
21106
19856
19405
21684
21199
21530
22336
21404
20001
20954
19789
21666
21334
29079
18295
21799
18682
19700
29116
26538
19307
27838
23705
20060
20237
16059
30230
33700
24680
22251
32740
21375
23123
29484
24441
23017
19784
33710
25852
19645
26649
23756
20265
21961
21578
33325
23823
22162
21910
20861
34499
23785
23138
31875
22795
20119
24345
36899
19887
31637
22629
20004
24519
22996
20315
23273
22986
32037
21564
21562
21641
20508
21834
19244
23088
28943
24436
19846
17101
19506
23433
19145
35334
25690
21595
20419
21751
34404
23348
31852
20493
32672
23472
19964
28456
20924
22856
21725
34363
23588
22114
27411
25200
20467
23046
25129
26412
27693
26024
24977
25349
24633
26438
24714
24899
24241
24644
26210
23867
24794
24162
24264
25790
25247
22012
23944
22610
27079
24346
19924
30805
19528
24411
23400
21751
24158
23589
23042
27837
28175
20638
21095
22178
24164
23601
22644
20415
23770
25052
19427
30259
20221
23812
29375
24028
19814
30846
20554
23536
22936
28557
26626
20709
17973
22215
26024
23489
21808
24815
29718
25382
21212
18041
22637
24135
23779
23133
25978
25424
21514
29316
18660
25258
23613
19478
22265
23119
22396
25264
22647
22325
22160
23330
24961
21814
22219
24961
28859
25269
21072
29364
18805
25679
21192
22809
24429
21835
25572
29532
19193
21687
29139
21882
21520
19747
23429
27145
25783
19473
17247
26685
25140
21579
18296
29649
19217
23559
22346
32534
25422
27445
24544
22690
22414
22051
22563
26821
26515
22837
20295
23232
20065
21672
26974
26339
18190
18633
20503
33203
25553
25553
24866
20958
32256
21273
31658
23517
19668
26041
20552
22787
22219
23264
26736
25233
23770
21062
23687
22968
20775
19346
22070
26322
26978
18437
25992
23835
18153
26767
24357
20460
21833
20686
33593
23770
28659
24637
24017
19553
20864
20272
35124
23904
27699
24098
21471
22109
19828
24907
22809
18179
18299
19273
23423
25664
22724
21020
25503
22431
21705
22012
23317
22662
25421
23905
22082
20400
23245
27863
40129
54422
44137
34679
26631
28900
26634
24671
28047
18846
21683
31112
33727
31095
31718
23554
19024
21993
18728
18368
17574
23657
31771
20646
20279
18662
20896
21019
27143
24644
18544
19655
22532
29167
19328
18385
17549
18147
18246
27463
22728
20918
18824
24601
25002
23876
22444
19713
17970
20402
19129
23230
28225
24510
21753
18206
21425
29445
23294
34296
18754
22875
16624
29036
22336
19827
22965
25203
25533
22678
19086
21382
21928
19638
27640
25185
19666
21029
21748
23634
18327
22020
21599
25003
28332
25179
17777
20594
16926
16136
14775
15683
14742
15856
18295
31173
21811
19069
16442
17577
18337
17624
18696
18505
16110
16317
17621
19894
16877
17189
16914
17965
16873
18602
19141
17034
20593
17309
17307
19916
17501
17051
28223
24017
16980
18607
18920
24588
27384
17391
17481
19072
13950
15431
18698
27601
25342
17989
28885
23429
17647
17540
18126
28096
24592
18534
17615
18989
17232
31937
19151
18542
27759
24335
25001
22991
19444
17151
17435
18518
17016
17068
17194
17384
17122
28308
16979
19037
19756
21303
24546
18920
19152
17705
18830
16419
19644
29094
18867
28219
26136
18938
16470
20370
16649
26765
19195
16064
26007
25146
17251
17154
19945
16133
15718
27077
30783
21209
17431
19314
28362
23874
20282
18457
18733
21169
18776
17894
21238
28294
23946
20194
20076
17283
20255
17276
38920
58432
49063
24096
28209
26362
23253
31973
24588
21473
20916
24590
26618
18942
15679
16876
23948
26919
24946
21639
23631
33755
23383
23916
31431
25205
24833
24177
22009
18931
24364
24022
18371
23661
19513
22527
19789
29966
23654
28086
23320
18819
20995
18294
16664
27812
18033
15304
22689
17228
21779
18488
24271
26657
18838
17964
17403
14246
17204
17425
19768
16725
18432
16866
18280
16340
14663
20561
30065
24298
24207
21357
15734
17027
19117
18349
16763
18016
19251
17318
30462
23560
17870
15129
16507
17794
30014
17564
30010
21645
32665
26814
21448
25282
28556
23165
28349
25128
23141
19913
25273
22444
32576
22512
24419
37278
25589
20743
23280
22087
32695
21887
23290
32462
22922
32217
25291
34565
22321
32116
22598
22696
26651
22909
19007
30506
25588
23558
17612
22159
15675
19260
28607
19717
22489
17660
18922
20630
21981
17610
20532
18461
21603
19676
24179
19983
18446
21651
28282
24229
19606
19227
21597
17345
20258
18234
16419
15237
15526
26073
24959
20929
24945
33252
20370
22423
21987
29364
22370
21955
32878
21244
24254
28981
20442
19278
22019
26713
20038
23502
25913
25296
29423
23229
27370
23061
19955
18352
21849
23110
32834
22905
21369
28452
21912
24402
28377
17201
19736
29753
25524
24474
31073
40655
25270
30321
24620
20065
21167
23389
21305
25368
22757
29015
24980
19699
20045
21861
24833
24931
22027
23855
29502
23134
19312
21164
24952
21152
33100
20866
23394
23905
21328
21207
32726
21487
21255
23382
28936
23706
19255
21081
20516
21275
22435
22933
32889
21280
23300
21505
20886
23641
29842
22940
19012
21273
20298
22806
28473
24150
19436
20879
20475
23060
29240
23278
20761
18511
23289
18876
19805
22902
21833
27525
25875
25548
32688
23088
23538
21431
19084
25211
29847
22894
19344
21213
20573
22880
28652
23809
20834
20025
18937
18018
22999
21585
32944
21518
23634
21824
20511
23516
28072
24798
20857
18340
23756
18918
31541
22165
32032
24843
23535
32920
20744
24200
48375
22840
25222
25167
24308
26720
22072
20938
23623
21524
20884
19222
24411
29858
22689
20697
20452
19272
19352
20084
17538
17905
23630
29144
23582
20608
18743
22423
18743
31674
20329
26095
21937
23388
18817
19134
26321
23582
21852
29388
22869
23365
21920
25434
25586
18657
17102
20064
22275
22233
22577
24488
29252
24903
18961
16424
17531
22838
20957
26193
23281
13647
20094
19186
23509
22979
20087
18544
24703
24604
22213
20796
34054
23696
21659
33730
24857
21793
22288
20276
22778
22184
27744
20871
32492
21774
20005
20976
22393
22555
24772
29523
23257
19740
21201
22895
23337
31528
22287
23382
21987
28227
34040
21220
22885
21964
25170
24392
28674
25255
20872
28662
20700
24179
27717
23573
21384
22762
28662
25463
20799
25632
19033
21219
21314
20005
25707
22393
21753
22435
23546
29407
22853
20072
20284
20621
20926
29375
23555
20748
23872
19858
19239
22138
17255
21240
22935
23049
26941
23609
19535
21124
23644
22110
17629
21031
17575
23225
28004
17817
21041
17413
18950
24031
21493
28141
25019
20800
23278
18997
21538
19463
20382
18014
19262
28320
25649
19521
20888
23132
22165
19050
23010
16421
20057
18084
19628
24143
23370
30475
21205
19594
24808
23694
23758
17626
25176
22707
19247
35693
21419
22573
23372
17787
20927
22555
18171
21355
24508
21697
25439
21052
21986
28376
20095
17758
19488
16831
15509
19975
16327
24684
21142
15406
18589
20121
16289
26714
25126
16867
19531
25937
21270
22458
21246
21733
20335
21181
18905
34419
21004
19980
20551
21133
20565
26005
25694
21731
21531
25638
21689
19364
23433
18520
21843
25227
25007
18606
22641
17128
25885
25650
21015
20432
23846
37235
18556
24787
22587
24916
21259
20916
25090
22138
23469
21184
22128
25157
20217
29139
24183
19570
29765
27674
20026
17353
20356
15066
15508
22506
23246
28680
24885
19418
19194
21702
22252
22824
28482
24680
19362
24192
27168
20108
32981
20513
20711
20366
28623
25783
21534
29918
23994
19408
22329
19062
19658
21953
22102
19915
35961
30447
25640
35203
25479
24748
35139
34035
34390
33600
35637
33857
34678
32856
34542
33320
34429
33173
34128
33377
35763
31129
18903
27356
25454
24731
22685
25142
28341
23483
20057
24485
26290
21654
21520
23780
23371
34204
24258
28551
22465
21884
25964
23352
26870
21278
25850
22837
19520
25412
18899
23137
21971
20884
18836
19575
19806
17930
18641
29222
23735
18640
20814
17569
17107
29271
20365
27786
29602
22266
20083
17453
17203
29281
21437
18184
18690
24180
26260
20276
19305
20229
20459
18789
24777
22253
18006
22906
27286
24296
23291
25203
30769
25149
20252
19127
29377
22579
22294
41292
30089
23187
26171
19036
27228
24400
25121
30209
25883
21197
25013
25305
28813
25556
20696
27155
32223
21920
89254
59510
33835
32984
32532
32907
33113
31926
33054
32056
25691
22417
23324
21966
22715
22033
22552
22524
22680
21668
22446
21737
22608
22129
22859
21867
22330
21770
22204
21154
21578
674282
26438
27454
26247
25322
22752
21419
26606
22331
21098
22740
23482
23900
21896
20541
25631
23489
21499
20389
23003
23101
27531
35173
33858
24167
23328
21740
20483
25927
20140
18005
25245
21137
34874
26150
20296
26041
21531
23413
25658
24542
21588
22456
22033
33418
24159
21109
25804
21800
34135
23294
24125
21929
22191
23088
19484
25309
28592
23687
86703
35498
19693
27156
24777
23237
24149
33438
21953
23015
27663
24223
19665
25538
18801
23080
19098
19985
20274
28389
26459
21198
19901
20552
20753
18469
18544
22276
17502
16215
17338
17806
20661
17609
19449
18563
28255
24849
17935
18870
17151
18717
17033
21530
27098
24434
18698
31473
21403
17027
15783
16156
16865
19810
27373
22794
16911
19551
17567
17028
20616
16715
16615
30576
21582
17435
18342
32024
17437
18059
18737
14140
19374
18901
31217
21424
17006
17946
18916
18062
16797
14543
16762
17362
18778
30424
22205
17360
19166
17120
17871
32397
23796
19764
15595
19577
19312
19476
23626
21383
14082
17617
18001
15938
20380
21372
25884
25455
19209
18745
18439
25565
19345
18360
29386
22906
19147
24363
17485
19155
18523
19344
21797
36697
19203
22263
22074
24783
26120
22322
18573
32884
18999
19938
19218
17711
21144
15530
19626
17513
16986
18297
19202
17175
16157
18597
18467
29228
23288
18743
17676
20064
18960
29161
23717
17659
20111
29822
22443
17854
21331
31070
20935
18498
18540
21802
26946
25691
20074
19029
18748
22600
19417
29263
30471
20789
19499
28342
24493
21201
21189
16964
16384
20088
18436
17950
20262
17380
26131
28760
22037
19897
23612
18255
23292
25380
24603
26698
24193
17704
15770
17664
31418
19733
25976
22138
23599
30494
19312
21249
29216
22747
19115
26153
15815
20476
23862
23180
25114
28757
25024
20048
17798
23587
22948
31817
28745
25250
30064
24853
29254
25217
22348
21336
29653
22443
17708
21723
22513
19808
23674
20047
35026
26154
27914
24728
25684
21842
19968
24188
19634
33351
25981
23178
21463
20550
22337
20730
21665
19780
33936
24105
28298
26633
19178
24890
19376
22011
21634
21546
19505
34651
24056
29992
23669
19663
37182
26629
23446
26286
26557
20332
17542
20820
36266
24182
22172
22559
23660
25659
23133
27987
24573
19332
26066
21580
26986
20758
34409
26095
29751
15286
24493
24891
22657
21066
33320
25659
22822
21369
22929
25931
27659
26006
22973
27563
27759
22974
21204
23688
22825
27769
23200
21435
35266
23914
24200
24046
19159
24608
22711
33133
22445
23684
33626
21972
22969
23580
29871
23484
19145
24393
20297
33555
26052
20803
23584
22162
31477
21351
22503
21331
21607
24531
26005
23060
20035
22382
18422
26862
24616
24993
23209
25683
27959
19981
19043
24739
23040
19886
24409
20256
34469
23294
21815
24826
23539
33944
21202
23658
26955
30351
25861
25838
22042
30708
28025
23419
23332
22605
21141
21030
25831
27105
21240
25042
21323
23459
33986
20311
25071
38420
36919
24822
25075
34504
24137
33830
23820
24362
34596
21857
24067
28474
20852
18312
35315
24262
23198
20597
25120
20773
25120
21485
33594
26180
24139
34359
21083
31647
30684
27237
19185
33173
25826
34549
23144
37651
24392
24861
26139
26664
24752
31874
35251
25883
22389
21892
23474
24030
22647
24613
23555
23750
27105
23843
28218
24335
23186
34186
24716
22675
19384
26022
34469
23926
22455
21132
24366
23550
24141
29646
22735
19666
18705
21576
22526
29919
23215
21174
20770
24866
27247
22683
32054
21283
18509
19182
17129
19099
17567
17021
16930
19319
23332
25326
21522
18803
24000
19894
22435
27326
16050
17334
18882
20452
16872
24420
26640
22540
21745
19926
20405
24740
18466
17369
37706
17511
43608
17427
20277
22948
27380
23405
21971
19600
19491
31281
27454
22986
21869
17927
18466
30053
22823
18598
21845
19477
27181
23282
18038
16137
22855
16261
26392
22990
20563
17066
19491
15929
18131
22453
22453
18734
22342
21242
36011
23992
16688
15009
16395
21577
18579
20842
17144
30067
23737
20337
16431
23588
21320
28419
23610
16588
15202
14679
18658
21765
30124
22261
18777
16920
28710
21218
19165
19172
19507
17401
18648
16456
21069
24097
36164
23035
23753
21470
20410
25244
25767
21597
26944
28493
28826
24078
19652
31549
21324
32308
23880
22351
27424
21477
32794
25834
22224
22665
21040
23371
26849
21538
25702
24873
23038
21018
23016
22331
24277
19313
23252
26670
21336
19664
25193
23213
22586
21323
19682
25196
23547
17988
17668
20246
24025
25100
27718
25697
23624
27883
24597
19884
37084
22348
21618
23482
27959
24480
19739
31314
19882
23143
34196
23064
20311
25295
23663
24448
20255
23290
27586
23042
21789
23091
32379
21607
24805
31298
25381
25432
24824
32043
20701
30539
27432
27536
34166
25242
26133
32455
23628
47204
23602
34198
24316
26823
38421
27697
23077
26522
25224
21219
24111
23533
35089
24247
24372
36473
22111
22345
19469
32051
35768
21131
23269
20130
24087
21764
23307
23358
38558
23357
21483
25177
20155
18861
20542
23579
19309
25602
18330
21546
23834
20863
22985
17046
23690
18101
19414
19668
20266
21414
22246
20678
24025
21765
22353
23727
22737
20273
21003
23542
20155
19082
26065
20660
21881
23576
20392
22761
30155
24799
28146
23517
20711
23883
29091
21397
29005
24804
19817
23320
28350
25044
22721
20463
19752
24331
20011
23889
26441
29255
25061
22689
20012
29566
35211
24851
21269
20247
27974
31893
24294
24032
20317
25534
28975
18468
22201
22454
22564
21882
21177
34500
28542
35193
21303
33813
24321
31011
20136
22848
22718
22242
24987
28437
19601
17641
21888
19120
17255
16752
15552
18418
17602
16322
16846
17387
22383
28587
116354
25285
36622
49120
22122
31484
18378
22015
28997
20284
20053
17988
17088
22326
16714
53743
18612
30085
31740
22224
35118
18387
30222
17618
19330
21287
21372
22201
21744
20927
24656
27994
24797
24451
21390
26512
21577
23086
27031
25868
19782
20223
23832
29036
22640
24746
19897
23667
27015
80612
38401
55009
28461
28415
24002
18759
22089
18925
22410
21694
26191
28289
21848
24413
34654
20692
25585
27689
22056
21543
17158
22249
25989
21941
33356
23569
23321
29386
23473
23816
20971
22887
20869
24483
20358
22848
34957
17928
20467
19864
18944
33794
28357
24867
22366
24222
35608
34251
32865
32222
437189
24807
26028
36639
27985
21072
184890
29508
22809
21170
26618
25638
24006
21906
49853
46640
26352
35728
24577
27724
38440
24553
24579
22888
30105
35874
23634
22118
21229
27939
23612
23217
23775
21521
38657
29957
25826
25530
25454
25831
23528
27925
22222
22515
26269
23329
23497
22485
18888
22998
20460
20260
22770
27846
23157
22648
26666
21786
21522
23143
24159
26384
22705
43849
28670
24927
21593
26955
23267
22658
23009
24243
20540
19617
20753
36077
31506
24189
17474
30988
19860
36616
21321
28995
22643
19947
21531
27983
23730
19718
21922
18662
20393
22251
29601
22322
18924
20770
20219
27699
23733
18643
29509
17983
23445
25454
22837
23656
22867
28782
24008
19582
18480
18608
17249
16741
19398
23230
18429
31496
26246
28512
27212
24564
27140
20631
22178
20694
26982
23546
20237
21745
21882
23896
24426
28962
31474
24138
18481
24219
28602
22389
20196
25741
21125
23242
23731
21957
24558
23918
20419
34497
29508
25878
23271
26891
21982
22897
22751
25754
24741
22594
26098
24528
28873
25438
21541
46963
25096
22441
29590
20332
24504
29687
24772
21504
24454
19622
22799
20052
22526
24310
20849
23287
30339
23377
51964
21150
22280
23804
22080
19643
25658
30252
25362
20685
22815
25340
46360
20691
22147
22609
29330
22508
20722
25976
18234
23673
20545
22855
25031
25807
22159
29011
22678
20046
22263
21609
22048
27501
31558
18631
35399
20789
24617
21751
27098
23118
19942
20753
25643
27321
22685
22689
21615
26169
25363
28538
24972
22482
21633
20280
20683
25525
23996
28890
22897
21057
28537
23632
24885
24402
29657
23396
19598
24296
19486
26818
24070
22387
22323
27382
23658
32624
23739
21469
24804
21118
29051
23546
19662
20897
26296
19646
20372
21609
23525
22069
22654
27572
21869
20802
21332
22799
18484
27099
23815
20533
27438
25449
19250
21559
19312
22995
27330
21975
21160
19363
22884
28719
22156
20893
27295
23585
21170
19410
23558
29728
25358
20664
27098
23492
22506
19729
22449
21702
20607
27294
22299
19766
20778
20611
21179
27931
21758
20400
27050
22843
18614
21747
29546
23056
20511
26487
23028
21340
19489
23034
28482
24093
20292
27773
22211
21343
20853
16368
20958
29610
23863
21091
23790
21951
19061
22185
19717
19201
17993
22905
28697
23360
22403
22189
26140
23169
19680
25535
26135
19249
22744
21862
22725
23863
29450
23416
21936
23568
19450
23616
19255
20534
23582
22853
29389
23795
20586
23428
26136
23547
20890
20181
23022
25185
23530
30901
23449
28702
24793
18587
30432
17325
20292
26889
23425
17397
19107
15312
20230
19840
28582
17655
19637
35625
17211
20344
15294
16539
18628
17200
28796
24260
19222
25877
25021
17319
18244
20701
17668
16930
17724
18992
18027
20346
17637
16143
15499
18641
24971
25808
16682
28244
22823
18806
17123
28670
30801
27125
22417
21576
19415
23451
20534
20521
28605
18865
21473
28805
22746
19387
22386
19066
21433
22211
29464
23779
20442
21111
18893
23512
20461
20493
24464
25368
22596
20341
19462
20337
23144
20476
19130
21143
21222
19013
31116
18688
18707
20713
18925
20847
22215
28310
24504
20762
27930
17232
21918
28077
24322
20864
28697
17305
21671
25309
19713
22370
25939
21599
19869
19623
21185
20333
30399
19654
20552
19425
20277
20631
27405
24099
20630
27829
18976
21428
21053
20205
21255
18759
17742
20761
19445
23035
19665
19246
28029
23376
20566
19112
18385
17808
19904
20122
20795
19532
19633
21037
19407
19395
27629
22521
18430
27804
18499
26536
28009
20710
18760
12287
19958
32299
20452
20418
26391
26749
20038
20710
22942
18305
19202
19982
16219
20125
21956
21031
20694
20936
19291
20903
23640
21752
20809
22341
22463
22431
24250
23771
23134
23500
20795
23925
22380
19956
22119
19220
19911
21801
19110
19780
21446
19454
20236
22258
18459
19911
21610
19154
19513
22190
19422
18829
22722
18715
20230
22255
18655
19618
22108
17718
16369
20419
19713
19256
22327
18710
20284
21777
18766
19953
21687
33078
33991
22557
31606
23120
26450
26197
24647
26084
23158
23984
29618
26833
32601
23331
25813
25053
25654
22395
30494
27102
34080
30812
27459
23554
23414
22148
21941
24408
22930
21102
31216
24748
29244
23825
25427
23429
22173
23651
21908
28528
22702
29766
21782
21183
22828
27964
23791
19357
21513
18506
18379
28979
23451
19283
29669
18357
22469
21684
29197
24623
23917
19330
21630
23051
29053
23068
20046
18123
16694
16124
14610
16288
21623
18892
24242
21030
26571
20210
26886
27082
27329
33623
16320
21860
23946
36229
27092
31161
25159
19560
25738
26183
33557
23120
20211
24592
20960
21343
28069
24906
33798
65977
39585
51654
26493
30880
36277
31163
599128
26084
39427
26860
23050
29901
188405
36354
34994
33064
19232
20727
18784
19996
19137
18236
23890
39853
21509
16145
20248
23910
21742
19888
21684
18528
19729
22224
39174
20971
36208
20090
20034
20875
35556
17142
19850
19425
21512
22943
19517
21341
22440
19262
21069
18426
18884
16267
21922
21083
32116
23872
20284
35283
39366
17749
16405
20467
21110
24737
21246
22500
24043
20833
30536
23791
28885
22421
20978
19574
24387
23120
20213
22967
22545
21647
22926
21961
21388
22635
22165
21338
23019
21956
21706
23006
22048
21946
22475
21750
22862
36417
20208
22594
22206
22134
22537
22133
21987
16837
20283
22566
19386
20445
20761
20094
21052
34494
19359
18449
21136
20726
21367
20118
20868
23781
20571
18597
22810
21359
19315
19917
20173
19948
21191
19805
31716
25685
20163
18433
20775
23993
20588
20732
21247
20400
21159
22662
19627
17407
21603
22195
20570
22085
21089
35960
20474
18093
20147
21347
21993
22336
21101
22520
20487
20730
20454
21641
20388
31632
24766
22043
19661
20706
35103
20619
20749
32283
21404
17600
18808
22899
36028
23090
19382
31258
25848
20902
22596
21102
21930
70740
58772
32868
28223
28035
22536
25868
24634
21503
31865
27780
23229
25465
25500
36891
24356
23773
20465
27739
23531
36547
23228
26621
20767
25166
34157
21410
24011
24533
26542
23916
37212
22902
22790
22170
21711
26288
24455
35663
21467
23695
24668
25860
24435
20866
19982
21040
22673
22342
20356
20901
20530
36291
19489
21047
32157
21144
21824
18386
20853
19430
21308
22160
24698
21194
23485
35843
21169
21938
21534
22065
17969
18773
23308
21606
20725
22570
19006
18859
22886
21392
18851
20234
18462
18719
22054
26480
18920
22296
19256
20261
21595
21660
20140
15313
21886
37411
21115
17327
35289
33452
22776
31291
20953
21763
20091
20615
19086
27185
28709
29755
23646
38085
27974
26803
23115
21979
21479
19903
37952
22839
19202
18069
22478
36115
20706
19166
20141
19695
20909
1741611
38478
20405
21618
32284
21511
18111
14480
16363
22885
22754
20880
360341
39685
36243
28824
25164
22548
20538
27814
19917
25161
28432
24216
20675
25647
22123
21294
19389
23923
21295
19176
36609
20377
15863
17810
22093
21337
18575
15098
16276
17124
19286
33187
19249
17482
19631
19312
22828
29759
17017
15590
20259
18564
19710
17656
20321
17536
18546
21881
17584
18787
30708
17528
19729
43632
18739
33075
22853
20055
33694
27297
17495
16713
20890
22533
19280
19871
16015
18038
20833
19244
19674
20550
18985
27228
18937
16836
33877
21543
21281
21571
20051
17173
15612
16192
23834
19822
27998
24362
23177
24010
23736
19729
18801
20928
21928
20448
21532
23324
20426
20697
23074
23583
23150
21489
20997
24839
21967
18179
19434
19795
19739
24332
21871
20917
24919
22950
21860
25589
24989
22829
24970
25017
24545
26194
28437
23452
22505
21727
21489
22074
30226
22455
25524
22069
23196
20043
20645
22178
20587
19961
22505
21038
20447
27990
23529
23220
27153
22772
23150
22628
22035
23366
21166
20355
23339
20370
20768
22114
21108
20381
27771
23010
23542
27138
22872
23472
23563
21952
23900
21454
20335
28206
24761
24486
22869
25306
27216
22697
22896
22480
28448
20625
26037
21945
19302
22618
25546
27538
33186
27745
23272
22824
30648
21833
26758
23812
21452
24353
23123
18080
25816
22666
26184
25257
26683
27189
27435
22534
27140
29151
39149
25319
24829
26702
20537
22330
28820
28832
24135
23143
24054
29240
27404
25199
23436
23950
28657
21109
25861
23017
27568
24237
23435
27265
21239
24382
29138
23103
21992
25342
26454
22025
26571
22724
31232
22254
23932
25247
21980
25787
24158
21131
22604
24118
24676
23357
21617
22449
28004
21909
26014
20308
22576
30145
28268
24661
24201
23319
29003
21798
25536
27201
25481
24195
23201
22106
24825
23858
23502
26933
26976
23176
29304
28885
22557
22730
27682
26794
20223
23889
25947
22346
23794
26862
27228
22853
24604
22184
24336
25130
27217
26842
26114
25151
24684
27181
29825
27322
32353
24855
23680
26280
29388
22330
21830
20339
28106
22811
30412
22620
27228
23391
22822
25963
25743
28246
25904
26443
23256
27275
20634
24714
26041
21840
28382
20235
29250
18543
25994
26920
26617
22038
26018
29320
26714
26184
24833
22618
27922
19677
25588
30673
22977
24134
19587
23472
28716
27834
26550
25785
24009
25883
27102
24820
26787
22152
31160
22665
26860
20114
23003
27856
26788
25823
21186
22623
25701
23501
27699
26259
31630
22449
26814
21686
22938
34060
25243
25189
20311
22334
21449
25458
21082
21249
21579
22037
24641
20733
17505
21267
20219
23703
24294
21390
21009
23912
21529
21692
21258
21658
23290
22348
21693
22325
21577
23413
21853
21261
23896
21497
21886
22178
21427
24160
20819
21174
23170
22203
23433
21536
24142
24645
28311
28288
25347
20948
18231
33348
20102
17775
15893
17870
25728
28803
25475
19823
28798
31039
23763
24653
23461
31373
24620
22932
22272
26034
24972
18550
30490
19735
21716
25450
17901
19661
23657
18689
22227
18838
18862
19648
16302
30418
22232
19264
18739
19521
18887
16133
18449
29911
21079
21305
16644
18123
22314
17486
17485
20721
19598
18622
20828
18066
18675
23900
21719
16124
18637
19250
24981
20785
30091
88220
36225
32388
27208
31607
23759
20772
18651
19295
20153
24386
24427
22623
21009
26324
22723
22174
19163
23196
30243
22205
19061
22829
18924
22474
21766
33764
23648
22677
29457
26034
23492
20146
32631
20807
22980
23206
20559
33268
23380
22731
29287
25712
25368
30119
22310
18528
21270
20514
23045
30913
21531
18444
21328
20457
23468
21116
21447
19307
19024
26621
21427
17383
21482
23070
19859
31854
20181
21426
19571
22054
25507
29337
19808
18650
20446
23447
24595
25579
24421
26138
22672
19254
19953
19747
20567
16006
18133
16696
18784
16917
18830
16802
17904
31044
21997
22121
20712
22262
21885
21876
19201
20664
20077
20438
20563
23059
24339
26043
22011
28312
23100
22031
21040
23203
29398
24797
23512
22245
23115
24914
34163
23057
29292
24836
23287
23125
27995
25199
23106
23286
21563
26318
24127
46272
29817
18967
17502
22799
24397
37099
23987
23200
28017
25418
22313
22527
21856
25624
26986
22913
20569
22369
28947
42201
23719
23341
22329
25186
24158
19405
29510
18728
22898
29193
24554
19653
28942
19946
23794
29171
23238
19432
29111
18573
23580
28296
23759
19465
28755
18710
23741
28827
22801
15070
19499
26077
31462
32665
24869
23646
22478
24273
23545
21796
22717
23641
23318
25842
24790
19580
21692
22761
23088
24117
23197
25343
34840
31877
24398
23579
14900
20635
26082
23181
31518
27160
21010
17337
22012
21008
21084
18927
25412
24954
24651
24706
39327
23770
25672
24229
22827
21241
24097
22878
21339
24287
23030
21245
23865
22671
27449
24573
19950
31429
19174
23115
24408
22368
23591
22699
20826
23446
23289
26678
23220
19534
29011
18838
24298
27974
24197
19610
29635
18270
23681
24262
23104
23726
23031
28402
26518
20497
21433
22843
22851
23716
22687
20489
24226
23075
19683
30319
19032
23622
22238
20496
23308
25217
32926
21436
28224
24162
21269
23845
23263
20742
24065
23013
25058
23676
19449
17993
20360
29862
22018
19855
29942
18697
24118
22326
20738
24152
23260
20959
23658
34946
21148
29583
19419
23440
28777
24486
19804
28740
54010
48216
30804
29886
25795
22287
27503
29774
23515
28317
25645
19395
29981
23600
18833
17440
17998
16606
19107
27495
23892
24611
26303
21492
21929
25268
30253
21576
20154
31724
23192
24436
25330
25562
30555
21301
20360
31969
22995
22558
19147
25210
21265
23674
20599
21362
23983
21222
24072
29275
22762
20814
31634
23497
22633
19142
23083
25132
20093
21605
22250
24370
29017
22972
20454
30745
24233
22582
20291
22756
24893
20633
21221
31881
23111
22812
19810
22577
24502
20302
21488
23187
24479
29551
23903
22846
24213
22411
26243
34645
23269
22831
20165
21356
24834
28976
23823
21503
23313
19453
23585
29328
23593
21623
31071
23682
32589
22173
23228
29660
22765
24472
34082
25155
23063
24499
29447
23605
28464
22100
21845
24146
28368
24746
21938
20047
31562
32049
31228
31462
31220
31340
30928
31585
30628
31964
50079
30922
19396
18192
17473
19428
3000051
43893
26446
35971
18146
19033
36952
18337
18495
17145
20512
17128
16407
21935
36591
15730
20686
19895
21432
18261
17549
15720
17088
18295
38330
18135
19940
17872
19037
19480
28130
17024
16406
17317
20689
17462
18521
15929
18686
30599
33730
20530
17294
19066
19827
20400
16228
22117
21790
18544
21015
16581
19319
18956
20663
18190
35577
16803
18305
18619
21585
19222
18164
17115
19614
28497
19107
22813
18797
21728
17361
17644
18212
20495
17217
24815
24489
16663
17188
15751
17838
31288
19111
18753
31199
23628
27004
24534
20029
17045
16951
16434
17180
19421
19922
17748
28743
23303
19492
26804
24911
17333
18169
17848
18871
30779
23343
17546
17165
18040
32312
15182
23888
17943
14869
15924
15655
15719
15221
14625
17769
15385
14360
15031
15272
46418
14931
15623
14627
20705
324798
22096
21644
17054
19487
30377
24518
19314
34127
17701
19359
27481
28869
21722
20124
20228
30683
23799
20666
21680
20169
33995
22195
19806
19705
21511
20398
17898
19188
39395
17930
19686
20794
28355
26705
20112
19661
17884
19133
18558
19734
19496
28069
26786
18953
22841
39309
18553
20315
20071
35461
16929
18561
19358
17460
17731
18228
17445
18741
25470
25204
17867
18345
26031
18837
17503
20961
17039
26514
24633
20592
17075
19722
16980
17956
20301
25349
27851
17581
17667
17787
18884
17469
16736
17171
21347
16120
17930
17527
17860
20310
16839
18434
20085
17554
17437
18012
20088
17035
24237
23720
17709
20595
26077
27122
17554
17721
19357
17656
17384
20750
17086
26142
25401
20506
17527
19260
26202
25983
17826
26991
25198
20718
17818
19877
26843
26709
27235
24917
17144
18460
17108
21129
25364
27266
17590
17803
25554
18875
17472
19549
18146
14815
19187
19256
31042
23661
16926
17177
18941
17293
17702
16675
18641
27818
25309
17155
19825
26735
26840
17817
17775
19818
26359
26662
18480
18188
20311
18279
31744
20171
18216
16639
18459
25722
28206
17743
14907
17628
17961
19242
16630
19453
17942
20110
16912
18077
20039
25917
26995
17609
27659
24408
20213
17967
20440
25551
27304
17702
28447
23546
19548
17439
15078
16917
18078
19441
16775
19636
25709
26020
17163
27091
27491
23815
19857
17715
16770
16537
16562
20533
17434
17986
16515
20635
101325
43417
22700
17088
15452
19411
21831
21298
22610
20050
19506
29001
24419
18971
28223
24410
19650
19108
25568
26550
20093
19019
22879
19384
21574
22281
20535
21180
29405
23373
19320
30329
17142
19992
19045
27282
22021
18636
20433
27736
22389
18344
20974
19256
24417
32128
27519
19644
20193
22450
29361
23889
17336
18370
18234
19410
21524
29291
23465
19753
18304
18782
17842
18898
17997
18838
21489
20902
19188
21153
18697
17099
17432
20032
18409
29513
28240
20573
28508
24590
17223
18663
19298
19416
19953
16539
18545
21165
20786
18544
29523
23112
20255
21263
20776
27864
19894
17991
18506
18434
17333
17658
17540
18689
18325
18322
18428
18455
19715
21794
19307
18101
18513
19372
19546
18143
17444
16853
14768
15038
23812
22247
16410
18134
14985
18797
19928
18306
18398
17417
16672
18454
18819
17811
17455
15974
15686
15349
16566
15195
16765
15256
27431
26411
19737
17884
17989
26558
29643
17389
17378
16800
16375
33179
19374
18125
14742
16226
14046
13635
16828
33187
18256
16113
15390
17918
19317
29012
22665
18547
18220
17199
28816
24634
26910
24179
17636
17878
15786
16475
29707
23165
18262
13061
19529
33055
15102
17381
33471
34169
20088
14191
12433
14862
15621
20128
29108
24647
18192
17592
17928
12572
14743
15598
11624
17687
35280
16825
18945
17285
17382
16755
14735
15594
17310
17216
17422
15716
15361
14080
12634
13546
16360
15940
15827
17769
16656
16718
29204
14916
13255
16367
17280
17119
13638
22998
21609
21853
21392
21797
21412
21999
21247
21862
21882
21738
21899
22297
21259
22266
21856
21766
21152
21853
21500
22737
21674
21971
21740
21866
21405
21926
21438
21742
21286
21792
21174
22542
21418
21626
21531
21749
21393
21579
21009
17870
1762715
33081
21060
18529
25522
23355
18815
18576
17497
19041
17454
16512
17542
19444
17365
17181
16046
17664
17735
19125
17341
16625
16924
16384
19633
16241
16288
16034
16460
15971
16625
16093
16608
16049
25377
26480
18013
17869
18936
17279
23533
22834
16772
16639
16206
16949
16073
16729
15877
16765
15975
16767
15849
17485
17561
17692
16882
16773
23530
21932
16670
16694
22217
22430
21303
16977
19087
16804
16507
16774
15798
17829
17080
17618
29303
17321
16729
18287
26051
22338
16307
16647
16088
17035
15966
17056
16208
16804
17404
17010
17425
25228
16378
15912
17612
18187
16480
17198
16467
16367
16964
15705
17552
27609
39910
24685
22421
27115
25489
23266
21301
35159
24014
21506
22851
26267
26492
22445
22944
23158
25893
25895
22222
22230
27111
21200
35752
24173
24539
21646
20455
23723
22213
22923
22519
22265
19965
21888
19075
34864
24195
23991
21299
20415
23434
22806
34101
23966
23152
27055
24654
19455
22199
20155
33638
24208
23566
20665
26347
25239
24002
23769
21623
20656
22851
19856
33037
24132
23304
20305
22369
20400
27262
21908
22241
19927
34229
23977
23417
21059
20376
23488
20336
32731
21141
24814
25158
23982
17772
16789
18034
18945
33909
24091
23543
92875
38680
27754
24876
24553
27925
33222
23366
22294
20289
25452
30878
21868
22910
22537
23612
22335
34654
24212
19635
15185
17939
23828
21684
23952
28777
23745
22047
19135
22475
20146
24093
29985
22777
21138
38367
19119
24550
28471
24509
24440
20992
34052
23881
23533
21764
19784
23945
27697
24826
19354
23542
26786
24621
22194
33245
23800
24416
21667
20141
23866
27252
20026
21369
24224
26046
26125
20575
21198
23987
22035
23080
31852
22140
20025
21951
22653
23428
21822
31747
21826
28637
26694
22372
22055
22115
21399
32400
21032
19728
17692
22789
22062
19582
17635
25554
27097
22079
24615
21837
23061
32962
23049
23651
30783
25022
21852
26160
25719
26972
21955
19036
20429
18524
19627
17992
20246
17881
19884
17893
19915
18053
19971
17858
20318
18003
20058
17776
20058
18250
19759
17834
19903
18348
19415
17841
19642
17685
19601
17677
19814
17808
19768
17674
19960
18058
21758
22895
28133
23855
20110
22573
19586
21758
22160
28971
19263
22340
29889
26212
21210
21875
23468
27711
26669
22711
20969
27277
22311
29010
25497
20690
24074
20168
21561
29008
25539
20569
23796
20014
21384
22105
23336
19271
29185
29935
23859
21999
19687
19926
22944
30733
26319
22011
23596
20579
21957
21248
22127
22096
21674
21883
21756
21625
21635
21543
21713
21563
21507
21632
21839
22046
21406
21674
21398
21808
21361
21876
21590
21766
21454
21572
21500
21611
21556
21879
21136
21409
21086
21802
21575
21769
20636
23619
21788
26223
21940
28419
24435
21130
24336
20209
19958
21574
15717
22706
22200
30152
22346
19486
22857
30307
22513
20013
23828
18572
21410
26409
26048
21138
29661
22485
21840
17483
22117
32276
20071
20833
25100
25024
24190
18950
19326
22707
20219
20762
30468
22003
20155
19858
23871
16840
21120
18030
22289
31777
20770
20803
22071
25450
26464
19161
19637
31895
19946
31413
20232
18363
26679
25776
25024
21048
20986
29084
23153
22488
18553
23023
18569
19549
23957
19335
20611
22386
32869
33524
18334
21879
26368
24803
21732
31879
20722
22523
17483
18826
27102
25223
21145
32223
20101
21874
21198
27804
15635
17024
20941
17236
23463
17716
27840
23933
19904
21234
27691
24685
19329
22928
30896
21536
22113
21230
26763
25364
20955
130464
25194
27903
63933
28407
27032
22731
27216
28275
22628
28503
25462
24980
19549
18269
18013
17788
14329
17314
19018
20766
17237
17148
19061
17013
16251
18837
19745
20146
18188
19646
17544
16271
15203
18316
17000
19589
27088
26188
19287
28427
22248
20614
18403
19147
20900
19198
18909
18348
33164
19941
14402
16205
16262
17340
17347
16379
20210
16937
18453
19707
17711
17573
19918
25252
22845
16388
15234
15485
15310
14901
17224
16945
19679
31548
26388
19804
17567
19120
18922
30881
19624
19851
18789
20908
